;LAP Aft Skirt Orifice Flow Velocities (ft/s)
#I=0,692,1; vent_c1d2_las.vsm  @ Fri Jan 16 14:19:56 1998
0	0	0	0	0	0	0	0	0	0	0	0
1	-20.505	-20.505	-21.042	-19.634	-21.197	-19.743	-19.743	-21.069	-19.507	-20.918	88.961
2	-21.019	-21.019	-22.06	-19.275	-22.356	-19.497	-19.497	-22.111	-19.015	-21.823	131.55
3	-21.641	-21.641	-23.151	-19.038	-23.575	-19.376	-19.376	-23.225	-18.639	-22.809	163.41
4	-22.347	-22.347	-24.291	-18.907	-24.832	-19.362	-19.362	-24.385	-18.367	-23.854	190.01
5	-23.121	-23.121	-25.466	-18.875	-26.113	-19.445	-19.445	-25.579	-18.192	-24.941	213.35
6	-23.942	-23.942	-26.658	-18.922	-27.403	-19.606	-19.606	-26.788	-18.097	-26.052	233.07
7	-24.804	-24.804	-27.865	-19.048	-28.7	-19.843	-19.843	-28.011	-18.083	-27.185	250.83
8	-25.702	-25.702	-29.085	-19.248	-30.003	-20.15	-20.15	-29.245	-18.147	-28.335	267.03
9	-26.631	-26.631	-30.313	-19.517	-31.31	-20.522	-20.522	-30.488	-18.285	-29.499	281.93
10	-27.586	-27.586	-31.55	-19.851	-32.62	-20.953	-20.953	-31.737	-18.493	-30.675	295.72
11	-28.567	-28.567	-32.795	-20.248	-33.934	-21.442	-21.442	-32.994	-18.771	-31.863	308.71
12	-29.569	-29.569	-34.046	-20.7	-35.25	-21.981	-21.981	-34.257	-19.111	-33.06	320.87
13	-30.59	-30.59	-35.303	-21.205	-36.569	-22.566	-22.566	-35.524	-19.51	-34.266	332.29
14	-31.627	-31.627	-36.565	-21.756	-37.89	-23.193	-23.193	-36.797	-19.963	-35.479	343.04
15	-32.68	-32.68	-37.831	-22.35	-39.213	-23.858	-23.858	-38.073	-20.466	-36.699	353.17
16	-33.752	-33.752	-39.107	-22.991	-40.542	-24.565	-24.565	-39.358	-21.023	-37.931	362.98
17	-31.275	-31.275	-37.356	-18.028	-38.958	-20.126	-20.126	-37.637	-15.242	-36.035	308.5
18	-29.169	-29.169	-35.992	-12.451	-37.758	-15.501	-15.501	-36.302	-7.5027	-34.527	242.86
19	-28.646	-28.646	-35.952	-9.0558	-37.827	-13.135	-13.135	-36.282	4.7913	-34.393	151.71
20	-28.711	-28.711	-36.385	-6.5273	-38.343	-11.765	-11.765	-36.73	8.295	-34.753	-66.655
21	-62.282	-62.282	-70.127	-49.491	-72.035	-52.329	-52.329	-70.99	-48.105	-69.099	-57.923
22	-64.362	-64.362	-75.742	-45.233	-78.337	-50.337	-50.337	-77.189	-43.425	-74.605	41.702
23	-66.348	-66.348	-81.052	-40.231	-84.272	-48.074	-48.074	-83.025	-37.848	-79.811	112.86
24	-68.782	-68.782	-86.542	-35.201	-90.327	-46.29	-46.29	-88.991	-32.038	-85.207	153.31
25	-71.592	-71.592	-92.167	-30.042	-96.466	-44.987	-44.987	-95.047	-25.738	-90.745	184.55
26	-74.756	-74.756	-97.924	-24.71	-102.7	-44.234	-44.234	-101.2	-18.498	-96.423	211
27	-78.321	-78.321	-103.87	-19.385	-109.07	-44.205	-44.205	-107.51	-8.8398	-102.29	234.11
28	-82.728	-82.728	-110.34	-16.669	-115.93	-45.786	-45.786	-114.31	7.1048	-108.7	254.41
29	-86.894	-86.894	-116.55	-12.141	-122.53	-47.061	-47.061	-120.83	14.618	-114.85	273.3
30	-91.014	-91.014	-122.66	-3.4697	-129.01	-48.346	-48.346	-127.25	19.566	-120.89	290.94
31	-95.504	-95.504	-129	7.2751	-135.71	-50.406	-50.406	-133.89	21.943	-127.17	307.71
32	-99.717	-99.717	-135.1	13.004	-142.17	-51.997	-51.997	-140.28	25.152	-133.21	323.86
33	-103.83	-103.83	-141.11	17.56	-148.54	-53.424	-53.424	-146.58	28.435	-139.15	339.39
34	-107.66	-107.66	-146.9	22.692	-154.69	-54.299	-54.299	-152.67	32.462	-144.87	345.66
35	-111.38	-111.38	-152.61	27.53	-160.77	-54.928	-54.928	-158.68	36.576	-150.5	351.96
36	-115.08	-115.08	-158.31	31.93	-166.86	-55.487	-55.487	-164.69	40.533	-156.13	358.7
37	-118.8	-118.8	-164.04	36.013	-172.96	-56.007	-56.007	-170.72	44.344	-161.78	365.45
38	-122.56	-122.56	-169.81	39.855	-179.11	-56.51	-56.51	-176.8	48.029	-167.48	372.18
39	-126.35	-126.35	-175.65	43.504	-185.33	-57.015	-57.015	-182.93	51.603	-173.23	378.92
40	-130.21	-130.21	-181.55	46.995	-191.63	-57.537	-57.537	-189.15	55.081	-179.06	385.65
41	-134.24	-134.24	-187.63	50.084	-198.09	-58.334	-58.334	-195.54	58.236	-185.06	400.8
42	-138.42	-138.42	-193.86	52.931	-204.72	-59.321	-59.321	-202.08	61.201	-191.21	416.24
43	-142.71	-142.71	-200.23	55.666	-211.48	-60.412	-60.412	-208.77	64.083	-197.5	432.02
44	-147.12	-147.12	-206.75	58.307	-218.41	-61.612	-61.612	-215.61	66.896	-203.93	448.15
45	-151.66	-151.66	-213.44	60.861	-225.5	-62.93	-62.93	-222.62	69.648	-210.53	464.65
46	-156.24	-156.24	-220.23	63.594	-232.72	-64.115	-64.115	-229.74	72.569	-217.23	480.52
47	-160.91	-160.91	-227.16	66.399	-240.09	-65.27	-65.27	-237.02	75.569	-224.07	496.76
48	-165.72	-165.72	-234.29	69.165	-247.67	-66.521	-66.521	-244.51	78.55	-231.11	513.34
49	-170.7	-170.7	-241.64	71.887	-255.48	-67.888	-67.888	-252.22	81.507	-238.36	530.29
50	-175.85	-175.85	-249.23	74.569	-263.54	-69.384	-69.384	-260.19	84.443	-245.85	547.64
51	-181.23	-181.23	-257.1	77.153	-271.9	-71.106	-71.106	-268.44	87.297	-253.62	567.86
52	-186.84	-186.84	-265.27	79.66	-280.57	-73.035	-73.035	-277	90.096	-261.68	588.52
53	-192.68	-192.68	-273.75	82.131	-289.57	-75.139	-75.139	-285.89	92.877	-270.05	609.65
54	-215.77	-215.77	-296.82	92.693	-318.49	-65.603	-65.603	-317.09	103.97	-299.81	635.08
55	-236.45	-236.45	-318.6	106.25	-345.95	-45.24	-45.24	-346.62	117.87	-327.78	663.27
56	-257.93	-257.93	-341.4	117.09	-374.22	-10.547	-10.547	-376.82	129.28	-356.43	693.29
57	-259.79	-259.79	-343.5	112.99	-376.08	1.6483	1.6483	-378.08	125.44	-357.77	716.99
58	-262.08	-262.08	-345.95	107.69	-378.23	-7.9281	-7.9281	-379.59	120.48	-359.4	740.88
59	-264.76	-264.76	-348.71	101.1	-380.66	-16.749	-16.749	-381.34	114.37	-361.27	766.26
60	-268.1	-268.1	-352.02	92.286	-383.58	-28.091	-28.091	-383.53	106.29	-363.62	802.48
61	-271.79	-271.79	-355.64	81.412	-386.77	-37.72	-37.72	-385.93	96.511	-366.21	825.37
62	-275.68	-275.68	-359.44	67.9	-390.11	-45.866	-45.866	-388.44	84.815	-368.91	849.05
63	-279.65	-279.65	-363.35	50.107	-393.53	-52.59	-52.59	-390.95	70.589	-371.63	873.74
64	-283.36	-283.36	-367.1	21.896	-396.77	-56.712	-56.712	-393.22	53.282	-374.12	899.9
65	-285.77	-285.77	-369.87	-34.306	-399.08	-53.323	-53.323	-394.45	35.769	-375.54	928.75
66	-288.45	-288.45	-372.9	-56.255	-401.58	-49.976	-49.976	-395.79	-23.263	-377.09	957.63
67	-292.85	-292.85	-377.34	-78.969	-405.38	-54.642	-54.642	-398.33	-60.204	-379.91	1000.2
68	-299.51	-299.51	-383.66	-103.7	-410.9	-68.029	-68.029	-402.51	-90.307	-384.46	1042.2
69	-307.84	-307.84	-391.43	-128.32	-417.75	-84.398	-84.398	-407.91	-117.83	-390.31	1084.6
70	-317.79	-317.79	-400.63	-153.16	-425.93	-102.43	-102.43	-414.52	-144.55	-397.43	1127.7
71	-329.45	-329.45	-411.37	-178.65	-435.53	-121.84	-121.84	-422.42	-171.38	-405.93	1173
72	-342.95	-342.95	-423.79	-205.13	-446.68	-142.58	-142.58	-431.75	-198.9	-415.91	1219.8
73	-358.42	-358.42	-438.07	-232.93	-459.56	-164.75	-164.75	-442.64	-227.54	-427.55	1268.3
74	-376.1	-376.1	-454.42	-262.43	-474.37	-188.54	-188.54	-455.29	-257.74	-441.03	1319
75	-396.26	-396.26	-473.14	-294.04	-491.41	-214.23	-214.23	-469.97	-289.95	-456.64	1372.1
76	-357.9	-357.9	-441.26	-225.66	-462.06	-119.42	-119.42	-439.52	-220.42	-423.89	1405.9
77	-350.15	-350.15	-434.8	-194.78	-457.36	-74.716	-74.716	-434.92	-188.82	-417.56	1429.8
78	-356.13	-356.13	-439.38	-183.76	-463.33	-79.166	-79.166	-441.59	-177.6	-422.77	1454.5
79	-366.05	-366.05	-447.04	-177.71	-472.36	-98.073	-98.073	-451.53	-171.53	-431.26	1478.2
80	-377.86	-377.86	-456.16	-173.03	-482.91	-119.62	-119.62	-463.14	-166.93	-441.33	1502.9
81	-391.33	-391.33	-466.55	-169.18	-494.83	-142.31	-142.31	-476.23	-163.23	-452.79	1530.1
82	-406.54	-406.54	-478.29	-166.15	-508.2	-166.08	-166.08	-490.92	-160.46	-465.72	1559
83	-423.62	-423.62	-491.52	-164.07	-523.18	-191.12	-191.12	-507.35	-158.73	-480.28	1589.7
84	-442.82	-442.82	-506.44	-163.18	-539.99	-217.71	-217.71	-525.78	-158.33	-496.67	1622.7
85	-464.43	-464.43	-523.33	-163.81	-558.92	-246.18	-246.18	-546.5	-159.6	-515.19	1658.1
86	-488.84	-488.84	-542.55	-166.47	-580.37	-276.99	-276.99	-569.93	-163.03	-536.22	1697.1
87	-516.58	-516.58	-564.55	-171.73	-604.82	-310.65	-310.65	-596.59	-169.21	-560.24	1739.5
88	-473.85	-473.85	-517.76	153.99	-558.35	-560.14	-560.14	-618.86	34.75	-513.15	1785
89	-454.17	-454.17	-490.27	229.15	-529.35	-631.71	-631.71	-615.16	64.551	-485.51	1821.8
90	-450.78	-450.78	-475.88	271.35	-511.77	-610.23	-610.23	-589.2	-79.725	-471.1	1849.5
91	-456.59	-456.59	-468.18	303.31	-499.56	-591.89	-591.89	-565.64	-175.14	-463.49	1873.7
92	-472.39	-472.39	-468.3	327.55	-493.71	-577.28	-577.28	-545.04	-261.16	-463.8	1894.6
93	-496.1	-496.1	-474.59	347.55	-492.72	-564.91	-564.91	-525.72	-344.62	-470.39	1913.7
94	-526.64	-526.64	-486.26	365	-495.85	-553.93	-553.93	-506.63	-428.45	-482.44	1931.9
95	-520.8	-520.8	-461.35	374.95	-469.21	-533.01	-533.01	-470.39	-422.06	-456.95	1954.9
96	-509.27	-509.27	-430.08	362.01	-441.18	-525.01	-525.01	-442.27	-375.95	-424.37	1968.4
97	-512.62	-512.62	-412.49	330.43	-427.21	-531.96	-531.96	-428.14	-341.25	-405.38	1972.9
98	-524.12	-524.12	-401.46	280.05	-420.21	-547.19	-547.19	-420.93	-309.92	-392.79	1973
99	-540.01	-540.01	-392.41	200.06	-415.82	-567.08	-567.08	-416.27	-275.46	-381.95	1970.9
100	-555.55	-555.55	-378.21	-84.574	-407.43	-587.18	-587.18	-407.57	-223.7	-365.43	1969.8
101	-524.93	-524.93	-305.83	69.514	-344.75	-561.54	-561.54	-344.75	67.774	-288.54	1987.5
102	-521.37	-521.37	-284.96	122.26	-328.29	-559.88	-559.88	-328.29	118.72	-265.66	1981.8
103	-530.62	-530.62	-285.26	133.64	-330.65	-570.33	-570.33	-330.65	129.27	-265.25	1967.4
104	-544.06	-544.06	-291.93	137.38	-338.69	-584.84	-584.84	-338.69	132.37	-271.62	1949.1
105	-559.92	-559.92	-301.52	138.32	-349.44	-601.78	-601.78	-349.44	132.77	-281.06	1927.5
106	-578.02	-578.02	-313.38	137.24	-362.38	-621.02	-621.02	-362.38	131.28	-292.86	1902.1
107	-598.63	-598.63	-327.61	133.94	-377.65	-642.86	-642.86	-377.65	127.69	-307.08	1872.2
108	-622.23	-622.23	-344.55	127.67	-395.59	-667.81	-667.81	-395.59	121.29	-324.05	1836.8
109	-600.37	-600.37	-294.75	194.86	-354.15	-648.35	-648.35	-354.15	184.52	-270.28	1829.7
110	-580.66	-580.66	-258.59	223.51	-324.06	-629.53	-629.53	-324.06	210.95	-230.87	1817.5
111	-577.34	-577.34	-257.62	222.64	-322.66	-625.83	-625.83	-322.66	209.55	-230.37	1790.4
112	-579.76	-579.76	-269.97	211.03	-331.93	-627.37	-627.37	-331.93	198.07	-244.71	1755.2
113	-584.54	-584.54	-287.52	192.69	-345.61	-630.99	-630.99	-345.61	180.37	-264.59	1712.9
114	-590.67	-590.67	-307.78	167.1	-361.83	-635.78	-635.78	-361.83	155.99	-287.17	1662.4
115	-597.74	-597.74	-329.77	130.54	-379.82	-641.31	-641.31	-379.82	121.54	-311.36	1601.8
116	-604.87	-604.87	-352.01	70.25	-398.28	-646.76	-646.76	-398.28	65.267	-335.63	1528
117	-605.83	-605.83	-364.65	-74.829	-408.31	-646.23	-646.23	-408.31	-74.829	-349.79	1441
118	-564.88	-564.88	-304.14	144.01	-353.87	-606.55	-606.55	-353.87	133.24	-286.88	1431.6
119	-543.4	-543.4	-273.79	174.97	-326.71	-585.31	-585.31	-326.71	161.55	-254.88	1442
120	-540.81	-540.81	-280.75	161.09	-331.05	-581.52	-581.52	-331.05	148.42	-262.75	1437.4
121	-543.89	-543.89	-299.37	127.16	-345.34	-582.85	-582.85	-345.34	117.01	-282.97	1428.5
122	-547.83	-547.83	-320.1	67.284	-361.66	-584.77	-584.77	-361.66	61.831	-305.25	1418.1
123	-544.95	-544.95	-330.61	-72.53	-368.93	-580	-580	-368.93	-72.53	-316.75	1411.9
124	-545.19	-545.19	-348.38	-152.71	-382.57	-577.78	-577.78	-382.57	-152.71	-335.82	1401.9
125	-553.15	-553.15	-379.9	-231.35	-408.8	-582.4	-582.4	-408.8	-231.35	-369.01	1384
126	-899.21	-899.21	-700.27	-566.82	-730.9	-938.32	-938.32	-730.9	-566.82	-689.86	1368.9
127	-737.69	-737.69	-525.48	-363.37	-559.73	-777.29	-777.29	-559.73	-363.37	-513.65	1306.2
128	-632.62	-632.62	-432.02	-265.09	-465.28	-668.93	-668.93	-465.28	-265.09	-420.43	1072.2
129	-570.16	-570.16	-417.85	-302.05	-442.52	-598.28	-598.28	-442.52	-302.05	-409.34	479.56
130	-529.43	-529.43	-453.91	-405.04	-465.44	-544.28	-544.28	-465.44	-405.04	-450.02	-822.39
131	-489.5	-489.5	-423.98	267.34	-461.79	-489.5	-489.5	-461.79	245.36	-405.66	-1095.7
132	-630.63	-630.63	-171.36	1011.8	-480.15	-630.63	-630.63	-480.15	930.61	189.59	998.52
133	-822.48	-822.48	108.49	1321.7	-593.31	-822.48	-822.48	-593.31	1218.2	328.93	1633.5
134	-1004	-1004	142.55	1330.9	-711.9	-1004	-1004	-711.9	1229.4	397.89	1780.9
135	-1180.9	-1180.9	93.095	1329.8	-830.58	-1180.9	-1180.9	-830.58	1231	434.91	1666.1
136	-1354.9	-1354.9	-146.8	1331	-944.68	-1354.9	-1354.9	-944.68	1232.6	454.77	1592.8
137	-1497.1	-1497.1	-282.98	1341.2	-1062.1	-1497.1	-1497.1	-1062.1	1234.2	453.63	1710.4
138	-1483.7	-1483.7	-410.95	1351.4	-1186.7	-1483.7	-1483.7	-1186.7	1235.8	424.47	1820.4
139	-1474.1	-1474.1	-531.57	1361.5	-1316.1	-1474.1	-1474.1	-1316.1	1237.4	365.86	1924.1
140	-1468	-1468	-644.77	1371.5	-1449.1	-1468	-1468	-1449.1	1239	267.72	2022.5
141	-1465	-1465	-847.01	1381.8	-1465	-1465	-1465	-1465	1240.5	-405.56	2095.3
142	-1462.6	-1462.6	-1297	1393.6	-1462.6	-1462.6	-1462.6	-1462.6	1242.1	-1066.7	2082.3
143	-1460.4	-1460.4	-1456.8	1405.4	-1460.4	-1460.4	-1460.4	-1460.4	1243.6	-1263	2069.1
144	-1459	-1459	-1453.6	1417	-1459	-1459	-1459	-1459	1245.2	-1260.1	2055.9
145	-1458.2	-1458.2	-1456.9	1428.6	-1458.2	-1458.2	-1458.2	-1458.2	1246.7	-1264.3	2042.6
146	-1458	-1458	-1458	1438.9	-1458	-1458	-1458	-1458	1248.2	-1275.5	2029.4
147	-1458.1	-1458.1	-1458.1	1444.7	-1458.1	-1458.1	-1458.1	-1458.1	1249.7	-1293.6	2016.9
148	-1458.5	-1458.5	-1458.5	1450.4	-1458.5	-1458.5	-1458.5	-1458.5	1251.2	-1319.1	2004.4
149	-1459	-1459	-1459	1456.2	-1459	-1459	-1459	-1459	1252.7	-1352.6	1991.8
150	-1459.6	-1459.6	-1459.6	1461.9	-1459.6	-1459.6	-1459.6	-1459.6	1254.2	-1395.2	1979.1
151	-1460.5	-1460.5	-1460.5	1436.3	-1460.5	-1460.5	-1460.5	-1460.5	1229.5	-1449.2	1927.6
152	-1462.1	-1462.1	-1462.1	1363.3	-1462.1	-1462.1	-1462.1	-1462.1	1167	-1462.1	1826
153	-1464.6	-1464.6	-1464.6	1262.7	-1464.6	-1464.6	-1464.6	-1464.6	1080.7	-1464.6	1687.7
154	-1467.7	-1467.7	-1467.7	1264.3	-1467.7	-1467.7	-1467.7	-1467.7	1074.2	-1467.7	1674.4
155	-1469.7	-1469.7	-1422.3	1443.3	-1469.7	-1469.7	-1469.7	-1469.7	1211.2	-1356.3	1884.3
156	-1470.5	-1470.5	-1129.2	1475.5	-1470.5	-1470.5	-1470.5	-1470.5	1262.9	-1126.6	1958.9
157	-1471.4	-1471.4	-816.09	1475	-1225.6	-1471.4	-1471.4	-1463.4	1264.3	-889.22	1947.4
158	-1452.8	-1452.8	-427.11	1474.5	-951.13	-1472.5	-1472.5	-1268.4	1265.7	-637.63	1935.8
159	-1265.6	-1265.6	400.64	1474	-694.24	-1474.7	-1474.7	-1112.1	1267.1	-381.68	1924.1
160	-1127.2	-1127.2	620.45	1473.4	-455.08	-1479	-1479	-1003.9	1268.5	40.415	1912.4
161	-1032.2	-1032.2	717.19	1472.7	-198.61	-1484.2	-1484.2	-939.9	1269.9	234.75	1891.2
162	-972.01	-972.01	759.21	1471	235.31	-1490	-1490	-910.49	1271.2	244.98	1831.3
163	-931.5	-931.5	778.17	1469.4	336.74	-1496	-1496	-898.99	1272.6	208.31	1769.4
164	-898.69	-898.69	790.02	1467.7	396.86	-1501.6	-1501.6	-892.76	1273.9	150.88	1705.2
165	-869.28	-869.28	799.58	1466	441.83	-1506.4	-1506.4	-887.68	1275.3	57.555	1638.5
166	-837.89	-837.89	811.65	1463.7	484.55	-1507.5	-1507.5	-878.83	1276.6	-102.86	1581.9
167	-809.23	-809.23	820.08	1458.6	517.8	-1502.1	-1502.1	-871.18	1277.9	-157.83	1576
168	-783.96	-783.96	825.85	1453.5	543.46	-1497.8	-1497.8	-865.41	1279.2	-201.17	1570.1
169	-761.52	-761.52	829.59	1448.4	563.64	-1494.3	-1494.3	-861.09	1280.4	-238.18	1564.2
170	-741.44	-741.44	831.78	1443.3	579.76	-1491.4	-1491.4	-857.84	1281.7	-270.62	1558.2
171	-723.36	-723.36	832.88	1438.3	592.83	-1488.8	-1488.8	-855.37	1277.9	-299.47	1546.9
172	-707.37	-707.37	833.1	1433.8	603.36	-1486.8	-1486.8	-853.87	1256.5	-326.1	1517.6
173	-693.2	-693.2	832.41	1429.2	611.72	-1485.3	-1485.3	-853.12	1235.7	-350.71	1489.3
174	-680.46	-680.46	831.1	1424.7	618.49	-1484.1	-1484.1	-852.84	1215.7	-373.22	1461.8
175	-668.83	-668.83	829.38	1420.1	624.05	-1483.1	-1483.1	-852.83	1196.4	-393.73	1435.4
176	-658.1	-658.1	827.45	1415.6	628.72	-1482.1	-1482.1	-852.95	1177.7	-412.38	1409.9
177	-648.18	-648.18	825.55	1411.6	632.81	-1481.1	-1481.1	-853.16	1159.7	-429.44	1385.5
178	-638.94	-638.94	823.5	1407.6	636.27	-1480.2	-1480.2	-853.42	1142.4	-445.06	1361.9
179	-630.25	-630.25	821.35	1403.5	639.22	-1479.3	-1479.3	-853.66	1125.7	-459.35	1339.1
180	-622.02	-622.02	819.15	1399.5	641.76	-1478.3	-1478.3	-853.85	1109.6	-472.44	1317.2
181	-614.19	-614.19	816.97	1395.5	644	-1477.2	-1477.2	-853.96	1094.1	-484.43	1296.1
182	-606.76	-606.76	814.97	1391.9	646.1	-1476.1	-1476.1	-854.02	1079.1	-495.5	1275.8
183	-599.68	-599.68	812.95	1388.3	647.91	-1475	-1475	-854.04	1064.6	-505.73	1256.2
184	-592.9	-592.9	810.92	1384.6	649.48	-1473.8	-1473.8	-853.98	1050.6	-515.19	1237.2
185	-586.37	-586.37	808.89	1381	650.86	-1472.5	-1472.5	-853.85	1037.1	-523.92	1218.8
186	-580.08	-580.08	806.91	1375.6	652.1	-1471.2	-1471.2	-853.63	1024	-532.01	1201.1
187	-574.19	-574.19	805.03	1363.9	653.2	-1470	-1470	-853.49	1011.2	-539.7	1183.9
188	-568.69	-568.69	803.06	1352.5	654.05	-1468.8	-1468.8	-853.43	998.74	-547.05	1167.1
189	-563.47	-563.47	801.06	1341.5	654.72	-1467.7	-1467.7	-853.39	986.62	-553.99	1150.8
190	-558.46	-558.46	799.05	1330.7	655.25	-1466.6	-1466.6	-853.31	974.86	-560.51	1134.9
191	-553.61	-553.61	797.1	1320.3	655.71	-1465.4	-1465.4	-853.19	963.43	-566.61	1119.5
192	-548.93	-548.93	795.32	1310.5	656.21	-1464.3	-1464.3	-853.03	952.27	-572.34	1104.6
193	-544.4	-544.4	793.56	1301	656.63	-1463.1	-1463.1	-852.83	941.43	-577.71	1090.1
194	-539.98	-539.98	791.82	1291.8	656.97	-1461.9	-1461.9	-852.58	930.9	-582.74	1076
195	-535.65	-535.65	790.1	1282.8	657.27	-1460.7	-1460.7	-852.26	920.67	-587.44	1062.3
196	-531.4	-531.4	788.46	1274.1	657.54	-1459.5	-1459.5	-851.88	910.72	-591.83	1049
197	-527.25	-527.25	786.96	1265.9	657.87	-1458.2	-1458.2	-851.47	900.98	-595.95	1036.1
198	-523.2	-523.2	785.48	1257.9	658.14	-1456.9	-1456.9	-851.01	891.5	-599.82	1023.5
199	-519.23	-519.23	784.02	1250.1	658.37	-1455.6	-1455.6	-850.51	882.26	-603.46	1011.2
200	-515.33	-515.33	782.57	1242.5	658.56	-1454.2	-1454.2	-849.97	873.27	-606.86	999.29
201	-511.49	-511.49	781.18	1235.1	658.73	-1452.9	-1452.9	-849.38	864.49	-610.04	987.64
202	-507.73	-507.73	779.91	1228.1	658.96	-1451.5	-1451.5	-848.76	855.88	-613.04	976.29
203	-504.06	-504.06	778.64	1221.3	659.13	-1450.1	-1450.1	-848.12	847.48	-615.87	965.21
204	-500.45	-500.45	777.38	1214.6	659.27	-1448.7	-1448.7	-847.45	839.27	-618.54	954.39
205	-496.9	-496.9	776.14	1208.1	659.38	-1447.2	-1447.2	-846.74	831.26	-621.04	943.82
206	-493.4	-493.4	774.92	1201.8	659.47	-1445.8	-1445.8	-846.01	823.43	-623.38	933.5
207	-489.97	-489.97	773.82	1195.7	659.61	-1444.3	-1444.3	-845.26	815.72	-625.6	923.43
208	-486.61	-486.61	772.71	1189.8	659.71	-1442.9	-1442.9	-844.5	808.18	-627.7	913.57
209	-483.31	-483.31	771.6	1184	659.78	-1441.4	-1441.4	-843.72	800.81	-629.68	903.92
210	-480.06	-480.06	770.5	1178.4	659.82	-1439.9	-1439.9	-842.91	793.59	-631.54	894.48
211	-476.86	-476.86	769.43	1172.9	659.85	-1438.4	-1438.4	-842.09	786.52	-633.28	885.24
212	-473.72	-473.72	768.45	1167.6	659.92	-1436.9	-1436.9	-841.26	779.55	-634.93	876.21
213	-470.64	-470.64	767.46	1162.4	659.95	-1435.4	-1435.4	-840.42	772.72	-636.5	867.36
214	-467.61	-467.61	766.47	1157.4	659.96	-1433.9	-1433.9	-839.57	766.02	-637.98	858.68
215	-464.63	-464.63	765.49	1152.4	659.95	-1432.4	-1432.4	-838.71	759.46	-639.37	850.17
216	-461.68	-461.68	764.52	1147.5	659.92	-1430.9	-1430.9	-837.83	753.02	-640.67	841.83
217	-458.8	-458.8	763.63	1142.9	659.94	-1429.3	-1429.3	-836.95	746.66	-641.9	833.66
218	-455.96	-455.96	762.74	1138.3	659.92	-1427.8	-1427.8	-836.07	740.42	-643.07	825.65
219	-453.17	-453.17	761.84	1133.8	659.89	-1426.3	-1426.3	-835.19	734.3	-644.18	817.77
220	-450.42	-450.42	760.94	1129.4	659.83	-1424.8	-1424.8	-834.29	728.28	-645.21	810.05
221	-447.7	-447.7	760.06	1125.1	659.76	-1423.3	-1423.3	-833.38	722.37	-646.18	802.46
222	-445.03	-445.03	759.25	1120.9	659.73	-1421.8	-1421.8	-832.48	716.53	-647.1	795.03
223	-442.41	-442.41	758.43	1116.9	659.68	-1420.3	-1420.3	-831.57	710.79	-647.97	787.72
224	-439.82	-439.82	757.61	1112.9	659.61	-1418.7	-1418.7	-830.66	705.14	-648.78	780.53
225	-437.27	-437.27	756.79	1108.9	659.51	-1417.2	-1417.2	-829.75	699.59	-649.55	773.47
226	-434.75	-434.75	755.98	1105.1	659.42	-1415.7	-1415.7	-828.83	694.13	-650.26	766.53
227	-432.27	-432.27	755.23	1101.3	659.35	-1414.2	-1414.2	-827.91	688.73	-650.93	759.72
228	-429.84	-429.84	754.47	1097.7	659.27	-1412.7	-1412.7	-827	683.42	-651.57	753.02
229	-427.44	-427.44	753.71	1094.1	659.16	-1411.2	-1411.2	-826.08	678.19	-652.16	746.42
230	-425.07	-425.07	752.95	1090.5	659.05	-1409.7	-1409.7	-825.16	673.04	-652.72	739.92
231	-422.72	-422.72	752.2	1087.1	658.93	-1408.2	-1408.2	-824.24	667.97	-653.23	733.54
232	-420.42	-420.42	751.5	1083.7	658.83	-1406.8	-1406.8	-823.32	662.95	-653.71	727.27
233	-418.15	-418.15	750.8	1080.4	658.72	-1405.3	-1405.3	-822.41	658.01	-654.16	721.09
234	-415.91	-415.91	750.09	1077.1	658.6	-1403.8	-1403.8	-821.49	653.13	-654.58	715
235	-413.7	-413.7	749.38	1073.9	658.46	-1402.3	-1402.3	-820.58	648.34	-654.97	709
236	-411.51	-411.51	748.69	1070.8	658.32	-1400.9	-1400.9	-819.66	643.61	-655.33	703.1
237	-409.35	-409.35	748.03	1067.7	658.2	-1399.4	-1399.4	-818.75	638.92	-655.66	697.29
238	-407.23	-407.23	747.37	1064.7	658.07	-1398	-1398	-817.84	634.3	-655.97	691.57
239	-405.13	-405.13	746.71	1061.7	657.93	-1396.5	-1396.5	-816.94	629.74	-656.25	685.92
240	-403.06	-403.06	746.05	1058.8	657.78	-1395.1	-1395.1	-816.03	625.25	-656.5	680.36
241	-401.01	-401.01	745.4	1055.9	657.62	-1393.6	-1393.6	-815.12	620.82	-656.73	674.88
242	-398.99	-398.99	744.78	1053.1	657.49	-1392.2	-1392.2	-814.22	616.43	-656.94	669.5
243	-397	-397	744.16	1050.4	657.35	-1390.8	-1390.8	-813.32	612.09	-657.13	664.19
244	-395.03	-395.03	743.54	1047.7	657.19	-1389.4	-1389.4	-812.43	607.81	-657.31	658.95
245	-393.09	-393.09	742.92	1045	657.02	-1388	-1388	-811.54	603.59	-657.46	653.77
246	-391.16	-391.16	742.31	1042.4	656.86	-1386.6	-1386.6	-810.65	599.42	-657.58	648.68
247	-389.26	-389.26	741.73	1039.8	656.72	-1385.2	-1385.2	-809.76	595.29	-657.7	643.66
248	-387.39	-387.39	741.15	1037.3	656.57	-1383.8	-1383.8	-808.88	591.2	-657.8	638.71
249	-385.54	-385.54	740.57	1034.8	656.4	-1382.4	-1382.4	-808	587.17	-657.88	633.82
250	-383.71	-383.71	739.98	1032.4	656.23	-1381	-1381	-807.13	583.19	-657.95	628.99
251	-381.9	-381.9	739.4	1029.9	656.06	-1379.6	-1379.6	-806.25	579.25	-658	624.22
252	-380.11	-380.11	738.86	1027.6	655.91	-1378.3	-1378.3	-805.39	575.35	-658.04	619.53
253	-378.35	-378.35	738.31	1025.3	655.75	-1376.9	-1376.9	-804.53	571.49	-658.06	614.88
254	-376.6	-376.6	737.77	1023	655.58	-1375.6	-1375.6	-803.67	567.68	-658.08	610.3
255	-374.88	-374.88	737.21	1020.7	655.41	-1374.2	-1374.2	-802.82	563.91	-658.08	605.76
256	-373.17	-373.17	736.67	1018.5	655.23	-1372.9	-1372.9	-801.96	560.19	-658.06	601.29
257	-371.48	-371.48	736.16	1016.3	655.08	-1371.6	-1371.6	-801.12	556.49	-658.04	596.88
258	-369.82	-369.82	735.65	1014.2	654.92	-1370.3	-1370.3	-800.28	552.84	-658.01	592.52
259	-368.17	-368.17	735.13	1012.1	654.75	-1369	-1369	-799.44	549.22	-657.97	588.2
260	-366.54	-366.54	734.61	1010	654.57	-1367.7	-1367.7	-798.61	545.65	-657.91	583.94
261	-364.92	-364.92	734.1	1007.9	654.39	-1366.4	-1366.4	-797.78	542.11	-657.85	579.73
262	-363.33	-363.33	733.61	1005.9	654.24	-1365.1	-1365.1	-796.95	538.61	-657.77	575.57
263	-361.75	-361.75	733.13	1003.9	654.07	-1363.8	-1363.8	-796.14	535.13	-657.69	571.46
264	-360.19	-360.19	732.64	1002	653.9	-1362.6	-1362.6	-795.32	531.7	-657.61	567.39
265	-358.65	-358.65	732.15	1000	653.72	-1361.3	-1361.3	-794.51	528.3	-657.51	563.37
266	-357.11	-357.11	731.66	998.13	653.55	-1360	-1360	-793.71	524.94	-657.4	559.39
267	-355.6	-355.6	731.21	996.27	653.39	-1358.8	-1358.8	-792.9	521.6	-657.29	555.47
268	-354.11	-354.11	730.74	994.43	653.22	-1357.6	-1357.6	-792.11	518.29	-657.17	551.58
269	-352.63	-352.63	730.28	992.61	653.05	-1356.3	-1356.3	-791.32	515.02	-657.04	547.73
270	-351.16	-351.16	729.82	990.8	652.88	-1355.1	-1355.1	-790.53	511.78	-656.91	543.93
271	-349.7	-349.7	729.36	989.02	652.7	-1353.9	-1353.9	-789.74	508.57	-656.77	540.16
272	-348.26	-348.26	728.93	987.29	652.55	-1352.7	-1352.7	-788.96	505.39	-656.62	536.45
273	-346.84	-346.84	728.49	985.58	652.38	-1351.5	-1351.5	-788.19	502.24	-656.47	532.77
274	-345.43	-345.43	728.05	983.88	652.21	-1350.3	-1350.3	-787.42	499.11	-656.31	529.12
275	-344.03	-344.03	727.61	982.2	652.03	-1349.1	-1349.1	-786.65	496.02	-656.15	525.51
276	-342.64	-342.64	727.17	980.54	651.86	-1347.9	-1347.9	-785.89	492.96	-655.98	521.95
277	-341.27	-341.27	726.76	978.93	651.7	-1346.8	-1346.8	-785.13	489.92	-655.81	518.44
278	-339.92	-339.92	726.34	977.33	651.54	-1345.6	-1345.6	-784.38	486.9	-655.63	514.96
279	-338.57	-338.57	725.93	975.74	651.37	-1344.4	-1344.4	-783.63	483.91	-655.45	511.51
280	-337.24	-337.24	725.51	974.16	651.2	-1343.3	-1343.3	-782.89	480.95	-655.26	508.1
281	-335.92	-335.92	725.1	972.61	651.03	-1342.1	-1342.1	-782.14	478.02	-655.07	504.67
282	-334.61	-334.61	724.7	971.1	650.87	-1341	-1341	-781.41	475.11	-654.88	501.04
283	-333.31	-333.31	724.31	969.6	650.71	-1339.9	-1339.9	-780.67	472.22	-654.68	497.45
284	-332.03	-332.03	723.91	968.11	650.55	-1338.8	-1338.8	-779.95	469.36	-654.48	493.89
285	-330.75	-330.75	723.51	966.64	650.38	-1337.6	-1337.6	-779.22	466.52	-654.27	490.36
286	-329.49	-329.49	723.12	965.18	650.21	-1336.5	-1336.5	-778.5	463.71	-654.06	486.92
287	-328.23	-328.23	722.75	963.77	650.06	-1335.4	-1335.4	-777.78	460.92	-653.84	483.73
288	-327	-327	722.37	962.36	649.9	-1334.3	-1334.3	-777.07	458.15	-653.63	480.56
289	-325.77	-325.77	721.99	960.97	649.74	-1333.2	-1333.2	-776.37	455.4	-653.41	477.41
290	-324.55	-324.55	721.61	959.58	649.57	-1332.2	-1332.2	-775.66	452.68	-653.19	474.3
291	-323.33	-323.33	721.24	958.22	649.4	-1331.1	-1331.1	-774.96	449.98	-652.96	471.22
292	-322.14	-322.14	720.88	956.89	649.25	-1330	-1330	-774.27	447.29	-652.73	468.17
293	-320.95	-320.95	720.52	955.56	649.1	-1329	-1329	-773.58	444.63	-652.5	465.14
294	-319.77	-319.77	720.16	954.25	648.94	-1327.9	-1327.9	-772.89	441.99	-652.27	462.14
295	-318.6	-318.6	719.8	952.95	648.77	-1326.9	-1326.9	-772.21	439.37	-652.04	459.17
296	-317.44	-317.44	719.45	951.66	648.61	-1325.8	-1325.8	-771.52	436.77	-651.8	456.27
297	-316.29	-316.29	719.11	950.41	648.47	-1324.8	-1324.8	-770.85	434.19	-651.56	453.58
298	-315.15	-315.15	718.76	949.17	648.31	-1323.7	-1323.7	-770.18	431.63	-651.32	450.9
299	-314.02	-314.02	718.42	947.93	648.16	-1322.7	-1322.7	-769.51	429.08	-651.08	448.25
300	-312.9	-312.9	718.08	946.71	648	-1321.7	-1321.7	-768.85	426.56	-650.84	445.62
301	-311.78	-311.78	717.74	945.5	647.84	-1320.7	-1320.7	-768.19	424.05	-650.59	442.98
302	-310.68	-310.68	717.41	944.31	647.7	-1319.7	-1319.7	-767.53	421.56	-650.35	440.2
303	-309.59	-309.59	717.09	943.14	647.55	-1318.7	-1318.7	-766.88	419.09	-650.1	437.44
304	-308.5	-308.5	716.76	941.98	647.4	-1317.7	-1317.7	-766.23	416.64	-649.85	434.71
305	-307.42	-307.42	716.43	940.82	647.24	-1316.7	-1316.7	-765.59	414.21	-649.6	432
306	-306.35	-306.35	716.11	939.67	647.09	-1315.7	-1315.7	-764.95	411.79	-649.34	429.35
307	-305.28	-305.28	715.8	938.56	646.95	-1314.8	-1314.8	-764.31	409.39	-649.09	426.89
308	-304.23	-304.23	715.48	937.45	646.81	-1313.8	-1313.8	-763.68	407	-648.83	424.45
309	-303.18	-303.18	715.17	936.35	646.66	-1312.8	-1312.8	-763.05	404.63	-648.58	422.03
310	-302.14	-302.14	714.86	935.26	646.51	-1311.9	-1311.9	-762.42	402.28	-648.32	419.63
311	-301.11	-301.11	714.55	934.18	646.36	-1310.9	-1310.9	-761.8	399.95	-648.06	417.24
312	-300.09	-300.09	714.25	933.13	646.22	-1310	-1310	-761.18	397.62	-647.8	414.89
313	-299.07	-299.07	713.96	932.08	646.08	-1309	-1309	-760.57	395.32	-647.55	412.54
314	-298.07	-298.07	713.66	931.05	645.94	-1308.1	-1308.1	-759.95	393.02	-647.29	410.21
315	-297.06	-297.06	713.36	930.01	645.8	-1307.2	-1307.2	-759.35	390.75	-647.03	407.9
316	-296.07	-296.07	713.08	929.01	645.67	-1306.3	-1306.3	-758.74	388.49	-646.76	405.62
317	-295.1	-295.1	712.87	928.1	645.6	-1305.4	-1305.4	-758.15	386.23	-646.51	403.37
318	-294.16	-294.16	712.65	927.2	645.52	-1304.5	-1304.5	-757.58	383.97	-646.28	401.13
319	-293.24	-293.24	712.42	926.3	645.43	-1303.6	-1303.6	-757.02	381.72	-646.05	398.89
320	-292.33	-292.33	712.2	925.4	645.34	-1302.8	-1302.8	-756.47	379.48	-645.82	396.66
321	-291.43	-291.43	711.98	924.53	645.26	-1301.9	-1301.9	-755.92	377.26	-645.6	394.54
322	-290.54	-290.54	711.81	923.72	645.22	-1301.1	-1301.1	-755.39	375.03	-645.39	392.74
323	-289.68	-289.68	711.64	922.92	645.17	-1300.3	-1300.3	-754.88	372.82	-645.19	390.95
324	-288.83	-288.83	711.46	922.12	645.12	-1299.5	-1299.5	-754.37	370.62	-644.99	389.16
325	-287.98	-287.98	711.29	921.33	645.07	-1298.7	-1298.7	-753.87	368.43	-644.8	387.38
326	-287.14	-287.14	711.13	920.57	645.04	-1298	-1298	-753.38	366.25	-644.61	385.66
327	-286.32	-286.32	711.03	919.88	645.05	-1297.2	-1297.2	-752.91	364.08	-644.43	384.12
328	-285.52	-285.52	710.92	919.2	645.06	-1296.5	-1296.5	-752.45	361.91	-644.27	382.58
329	-284.73	-284.73	710.82	918.52	645.06	-1295.8	-1295.8	-752.01	359.75	-644.11	381.05
330	-283.96	-283.96	710.71	917.85	645.07	-1295.2	-1295.2	-751.57	357.61	-643.96	379.51
331	-283.18	-283.18	710.63	917.21	645.09	-1294.5	-1294.5	-751.14	355.47	-643.81	378.04
332	-282.44	-282.44	710.62	916.69	645.18	-1293.9	-1293.9	-750.74	353.34	-643.69	376.78
333	-281.72	-281.72	710.61	916.17	645.27	-1293.3	-1293.3	-750.36	351.2	-643.58	375.51
334	-281.02	-281.02	710.6	915.65	645.36	-1292.7	-1292.7	-749.99	349.06	-643.48	374.23
335	-280.33	-280.33	710.59	915.14	645.44	-1292.1	-1292.1	-749.64	346.94	-643.39	372.95
336	-279.65	-279.65	710.61	914.66	645.55	-1291.6	-1291.6	-749.3	344.84	-643.31	371.75
337	-278.99	-278.99	710.72	914.31	645.74	-1291.1	-1291.1	-748.98	342.72	-643.25	370.82
338	-278.37	-278.37	710.82	913.96	645.92	-1290.7	-1290.7	-748.7	340.6	-643.22	369.87
339	-277.77	-277.77	710.92	913.61	646.09	-1290.2	-1290.2	-748.43	338.48	-643.19	368.9
340	-277.17	-277.17	711.02	913.26	646.27	-1289.9	-1289.9	-748.18	336.38	-643.18	367.93
341	-276.57	-276.57	711.14	912.95	646.47	-1289.5	-1289.5	-747.93	334.29	-643.18	366.98
342	-276	-276	711.34	912.75	646.74	-1289.1	-1289.1	-747.72	332.2	-643.2	366.1
343	-275.45	-275.45	711.54	912.55	647	-1288.8	-1288.8	-747.53	330.11	-643.23	365.19
344	-274.92	-274.92	711.74	912.36	647.26	-1288.6	-1288.6	-747.36	328.03	-643.29	364.27
345	-274.39	-274.39	711.94	912.16	647.53	-1288.3	-1288.3	-747.2	325.96	-643.35	363.34
346	-273.86	-273.86	712.19	912.04	647.83	-1288.1	-1288.1	-747.05	323.9	-643.42	362.52
347	-273.39	-273.39	712.6	912.13	648.29	-1288	-1288	-746.95	321.81	-643.53	362.08
348	-272.98	-272.98	713.01	912.22	648.73	-1287.9	-1287.9	-746.9	319.71	-643.68	361.57
349	-272.59	-272.59	713.4	912.31	649.16	-1287.8	-1287.8	-746.87	317.59	-643.86	361.03
350	-272.21	-272.21	713.8	912.4	649.6	-1287.8	-1287.8	-746.87	315.49	-644.06	360.47
351	-271.84	-271.84	714.43	912.8	650.24	-1287.8	-1287.8	-746.9	313.39	-644.27	360.19
352	-271.81	-271.81	715.91	914.31	651.64	-1288.1	-1288.1	-747.12	311.07	-644.69	360.81
353	-272.06	-272.06	717.3	915.75	652.95	-1288.6	-1288.6	-747.53	308.54	-645.3	361.12
354	-272.47	-272.47	718.65	917.16	654.22	-1289.3	-1289.3	-748.08	305.92	-646.03	361.25
355	-272.93	-272.93	719.99	918.57	655.47	-1290.1	-1290.1	-748.73	303.28	-646.85	361.26
356	-273.42	-273.42	721.72	920.46	657.07	-1291	-1291	-749.45	300.63	-647.73	360.87
357	255.41	255.41	807.8	991.06	749.77	-1235.3	-1235.3	-671.38	421.81	-558.31	508.27
358	350.88	350.88	846.62	1023.4	791.05	-1215.9	-1215.9	-648.91	441.85	-532.63	534.44
359	392.14	392.14	867.18	1040.6	812.78	-1211.5	-1211.5	-650.16	430.97	-535.09	523.25
360	410.83	410.83	877.85	1049.6	823.98	-1215.3	-1215.3	-663.81	403.49	-552.16	491.73
361	417.95	417.95	882.95	1053.8	829.25	-1223.5	-1223.5	-683.33	365.51	-575.79	445.89
362	418.86	418.86	884.99	1055.6	831.26	-1233.8	-1233.8	-704.94	319.76	-601.43	386.13
363	415.66	415.66	886.04	1057.2	832.37	-1285.2	-1285.2	-779.25	134.53	-683.76	160.77
364	431.17	431.17	897.72	1068.1	844.63	-1322.1	-1322.1	-829.73	-212.37	-738.12	-212.37
365	448.3	448.3	910.77	1080.3	858.28	-1354.7	-1354.7	-872.47	-319.95	-783.45	-319.95
366	461.85	461.85	921.65	1090.4	869.64	-1377.1	-1377.1	-912.63	-398.3	-825.66	-398.3
367	486.73	486.73	935.42	1100.4	886.89	-1378.6	-1378.6	-997.25	-539.6	-914.9	-539.6
368	508.15	508.15	947.92	1109.6	902.45	-1380	-1380	-1074.9	-649.74	-995.7	-649.74
369	525.77	525.77	958.64	1117.4	915.87	-1381.3	-1381.3	-1147.7	-743.79	-1070.8	-743.79
370	539.85	539.85	967.5	1123.8	927.12	-1382.5	-1382.5	-1216.9	-827.67	-1141.6	-827.67
371	463.81	463.81	934.59	1100	889.1	-1384	-1384	-1334.5	-953.97	-1257.7	-953.97
372	397.02	397.02	910.9	1084.1	860.6	-1386	-1386	-1386	-1058.4	-1360.4	-1058.4
373	338.34	338.34	896.42	1076.3	841.58	-1388	-1388	-1388	-1149.2	-1388	-1149.2
374	287.03	287.03	889.36	1074.9	830.32	-1389.9	-1389.9	-1389.9	-1231.1	-1389.9	-1231.1
375	715.03	715.03	1035.1	1192.1	983.67	-1157	-1157	-851.19	-424.92	-769.63	-424.92
376	825.99	825.99	1049.3	1196.3	998.84	-418	-418	184.45	592.29	355.5	581.96
377	767.3	767.3	928.21	1079.8	872.8	369.89	369.89	434.82	665.65	546.6	649.74
378	656.41	656.41	763.61	929.73	698.05	460.46	460.46	438.62	627.18	539.36	608.09
379	536.15	536.15	588.79	780.47	504.22	477.82	477.82	400.11	566.08	492.99	545.14
380	420.79	420.79	406.6	642.54	274.93	483.7	483.7	362.42	511.64	449.27	489.34
381	329.54	329.54	208	528.41	-240.7	505.09	505.09	356.89	487.24	438.86	462.72
382	269.12	269.12	-212.17	438.72	-400.31	539.83	539.83	380.33	491.02	458.75	462.86
383	213.17	213.17	-356.75	351.99	-493.78	568.99	568.99	402.21	497.59	478.3	465.53
384	-241.61	-241.61	-501.26	166.88	-606.25	475.2	475.2	254.17	371.42	329.79	344.84
385	-304.08	-304.08	-532.23	39.362	-631.01	443.39	443.39	193.33	326.32	273.49	300.62
386	-311.51	-311.51	-534.03	-60.906	-631.15	435.07	435.07	180.09	316.1	261.26	288.67
387	-311.02	-311.02	-531.19	-68.24	-627.34	430.87	430.87	176.55	312.24	257.4	281.64
388	-309.22	-309.22	-527.59	-69.174	-622.9	427.41	427.41	174.75	309.51	255.02	275.66
389	-307.14	-307.14	-523.85	-68.822	-618.36	424.17	424.17	173.35	307.06	253	269.94
390	-305.02	-305.02	-520.11	-68.211	-613.83	421	421	172.06	304.69	251.08	264.31
391	-302.91	-302.91	-516.4	-67.571	-609.35	417.88	417.88	170.79	302.37	249.19	259.53
392	-300.83	-300.83	-512.73	-67.019	-604.92	414.8	414.8	169.52	300.08	247.32	258.02
393	-298.79	-298.79	-509.12	-66.524	-600.55	411.75	411.75	168.26	297.81	245.47	256.53
394	-296.77	-296.77	-505.54	-66.056	-596.23	408.75	408.75	167	295.57	243.63	255.06
395	-294.78	-294.78	-502.01	-65.609	-591.96	405.79	405.79	165.77	293.36	241.83	253.61
396	-292.8	-292.8	-498.51	-65.18	-587.74	402.88	402.88	164.55	291.18	240.04	252.13
397	-290.85	-290.85	-495.05	-64.752	-583.57	399.99	399.99	163.34	289.04	238.29	250.52
398	-288.92	-288.92	-491.64	-64.333	-579.45	397.14	397.14	162.16	286.92	236.56	248.93
399	-287	-287	-488.26	-63.927	-575.38	394.34	394.34	160.99	284.84	234.85	247.36
400	-285.11	-285.11	-484.91	-63.535	-571.36	391.57	391.57	159.83	282.78	233.17	245.81
401	-283.24	-283.24	-481.61	-63.155	-567.38	388.84	388.84	158.68	280.75	231.5	244.21
402	-281.39	-281.39	-478.34	-62.77	-563.45	386.13	386.13	157.56	278.75	229.87	242.37
403	-279.55	-279.55	-475.11	-62.388	-559.56	383.47	383.47	156.45	276.77	228.26	240.56
404	-277.74	-277.74	-471.91	-62.017	-555.72	380.83	380.83	155.35	274.83	226.66	238.77
405	-275.94	-275.94	-468.75	-61.656	-551.92	378.23	378.23	154.27	272.91	225.09	237
406	-274.17	-274.17	-465.62	-61.303	-548.16	375.67	375.67	153.2	271.01	223.54	235.26
407	-272.41	-272.41	-462.52	-60.951	-544.45	373.12	373.12	152.14	269.14	222.01	233.55
408	-270.66	-270.66	-459.46	-60.603	-540.78	370.61	370.61	151.1	267.29	220.5	231.86
409	-268.94	-268.94	-456.43	-60.263	-537.14	368.13	368.13	150.07	265.46	219.01	230.2
410	-267.23	-267.23	-453.44	-59.93	-533.55	365.68	365.68	149.05	263.66	217.53	228.55
411	-265.55	-265.55	-450.47	-59.603	-530	363.26	363.26	148.05	261.88	216.08	226.93
412	-263.87	-263.87	-447.54	-59.275	-526.49	360.86	360.86	147.05	260.11	214.64	225.34
413	-262.22	-262.22	-444.64	-58.95	-523.02	358.49	358.49	146.07	258.38	213.22	223.77
414	-260.58	-260.58	-441.77	-58.63	-519.58	356.15	356.15	145.1	256.66	211.82	222.22
415	-258.96	-258.96	-438.93	-58.316	-516.18	353.84	353.84	144.14	254.96	210.44	220.69
416	-257.35	-257.35	-436.11	-58.006	-512.82	351.55	351.55	143.2	253.28	209.07	219.17
417	-255.76	-255.76	-433.33	-57.695	-509.5	349.28	349.28	142.26	251.63	207.72	217.69
418	-254.18	-254.18	-430.58	-57.385	-506.2	347.03	347.03	141.33	249.99	206.39	216.22
419	-252.62	-252.62	-427.85	-57.08	-502.95	344.82	344.82	140.42	248.37	205.07	214.78
420	-251.07	-251.07	-425.15	-56.779	-499.73	342.62	342.62	139.52	246.76	203.77	213.34
421	-249.54	-249.54	-422.48	-56.481	-496.54	340.45	340.45	138.62	245.18	202.48	211.94
422	-248.02	-248.02	-419.84	-56.182	-493.38	338.3	338.3	137.74	243.61	201.2	210.58
423	-246.52	-246.52	-417.22	-55.884	-490.26	336.18	336.18	136.86	242.06	199.94	209.23
424	-245.03	-245.03	-414.62	-55.589	-487.17	334.07	334.07	136	240.53	198.7	207.9
425	-243.56	-243.56	-412.06	-55.297	-484.11	331.99	331.99	135.14	239.01	197.47	206.58
426	-242.09	-242.09	-409.51	-55.008	-481.08	329.93	329.93	134.3	237.51	196.25	205.29
427	-240.65	-240.65	-407	-54.718	-478.08	327.89	327.89	133.46	236.03	195.05	204.01
428	-239.21	-239.21	-404.5	-54.428	-475.11	325.86	325.86	132.63	234.56	193.85	202.75
429	-237.79	-237.79	-402.03	-54.141	-472.17	323.86	323.86	131.81	233.11	192.68	201.5
430	-236.38	-236.38	-399.59	-53.856	-469.25	321.88	321.88	131	231.67	191.51	200.27
431	-234.98	-234.98	-397.16	-53.573	-466.37	319.92	319.92	130.2	230.24	190.36	199.04
432	-233.59	-233.59	-394.76	-53.289	-463.51	317.98	317.98	129.41	228.83	189.22	197.85
433	-232.22	-232.22	-392.38	-53.006	-460.68	316.05	316.05	128.62	227.44	188.09	196.66
434	-230.86	-230.86	-390.03	-52.725	-457.88	314.15	314.15	127.84	226.06	186.97	195.48
435	-229.51	-229.51	-387.69	-52.445	-455.11	312.26	312.26	127.07	224.69	185.86	194.32
436	-228.17	-228.17	-385.38	-52.167	-452.36	310.39	310.39	126.31	223.33	184.77	193.17
437	-226.84	-226.84	-383.08	-51.888	-449.63	308.54	308.54	125.56	221.99	183.68	192.04
438	-225.53	-225.53	-380.81	-51.61	-446.93	306.7	306.7	124.81	220.66	182.61	190.92
439	-224.22	-224.22	-378.56	-51.333	-444.26	304.88	304.88	124.07	219.34	181.55	189.81
440	-222.93	-222.93	-376.33	-51.058	-441.61	303.08	303.08	123.34	218.04	180.49	188.71
441	-221.64	-221.64	-374.11	-50.784	-438.98	301.3	301.3	122.61	216.75	179.45	187.62
442	-220.37	-220.37	-371.92	-50.509	-436.38	299.53	299.53	121.89	215.47	178.42	186.54
443	-219.11	-219.11	-369.74	-50.235	-433.8	297.77	297.77	121.18	214.2	177.4	185.48
444	-217.85	-217.85	-367.59	-49.962	-431.24	296.03	296.03	120.48	212.94	176.38	184.42
445	-216.61	-216.61	-365.45	-49.69	-428.7	294.31	294.31	119.78	211.69	175.38	183.37
446	-215.38	-215.38	-363.33	-49.42	-426.19	292.6	292.6	119.09	210.46	174.39	182.34
447	-214.15	-214.15	-361.22	-49.149	-423.7	290.91	290.91	118.4	209.23	173.4	181.31
448	-212.94	-212.94	-359.14	-48.878	-421.22	289.23	289.23	117.72	208.02	172.42	180.3
449	-211.74	-211.74	-357.07	-48.608	-418.77	287.57	287.57	117.05	206.82	171.46	179.3
450	-210.54	-210.54	-355.02	-48.339	-416.34	285.91	285.91	116.38	205.63	170.5	178.3
451	-209.35	-209.35	-352.98	-48.071	-413.93	284.28	284.28	115.72	204.44	169.55	177.32
452	-208.18	-208.18	-350.97	-47.804	-411.54	282.66	282.66	115.06	203.27	168.61	176.34
453	-207.01	-207.01	-348.96	-47.537	-409.17	281.05	281.05	114.42	202.11	167.67	175.38
454	-205.85	-205.85	-346.98	-47.271	-406.82	279.45	279.45	113.77	200.96	166.75	174.43
455	-204.7	-204.7	-345.01	-47.006	-404.49	277.87	277.87	113.13	199.81	165.83	173.48
456	-203.55	-203.55	-343.05	-46.741	-402.18	276.3	276.3	112.5	198.68	164.92	172.54
457	-202.42	-202.42	-341.11	-46.476	-399.88	274.74	274.74	111.87	197.55	164.01	171.61
458	-201.29	-201.29	-339.19	-46.212	-397.61	273.2	273.2	111.25	196.44	163.12	170.68
459	-200.18	-200.18	-337.27	-45.949	-395.35	271.66	271.66	110.63	195.33	162.23	169.77
460	-199.07	-199.07	-335.38	-45.686	-393.1	270.14	270.14	110.02	194.23	161.35	168.86
461	-197.96	-197.96	-333.5	-45.423	-390.88	268.63	268.63	109.41	193.14	160.48	167.95
462	-196.87	-196.87	-331.63	-45.16	-388.67	267.14	267.14	108.81	192.06	159.61	167.02
463	-195.78	-195.78	-329.77	-44.898	-386.48	265.65	265.65	108.21	190.99	158.75	166.1
464	-194.7	-194.7	-327.93	-44.636	-384.31	264.18	264.18	107.62	189.92	157.9	165.18
465	-193.63	-193.63	-326.1	-44.374	-382.15	262.71	262.71	107.03	188.87	157.05	164.27
466	-192.56	-192.56	-324.29	-44.114	-380.01	261.26	261.26	106.45	187.82	156.21	163.37
467	-191.51	-191.51	-322.49	-43.853	-377.88	259.82	259.82	105.87	186.78	155.38	162.48
468	-190.46	-190.46	-320.7	-43.594	-375.77	258.39	258.39	105.3	185.74	154.55	161.6
469	-189.41	-189.41	-318.92	-43.335	-373.67	256.97	256.97	104.73	184.72	153.73	160.72
470	-188.37	-188.37	-317.16	-43.076	-371.59	255.56	255.56	104.16	183.7	152.92	159.85
471	-187.34	-187.34	-315.41	-42.818	-369.52	254.16	254.16	103.6	182.69	152.11	158.98
472	-186.32	-186.32	-313.67	-42.56	-367.47	252.77	252.77	103.05	181.69	151.31	158.13
473	-185.3	-185.3	-311.94	-42.303	-365.43	251.39	251.39	102.49	180.69	150.51	157.28
474	-184.29	-184.29	-310.23	-42.046	-363.41	250.02	250.02	101.94	179.7	149.72	156.44
475	-183.29	-183.29	-308.52	-41.79	-361.4	248.66	248.66	101.4	178.72	148.93	155.6
476	-182.29	-182.29	-306.83	-41.533	-359.41	247.31	247.31	100.86	177.74	148.15	154.77
477	-181.3	-181.3	-305.15	-41.278	-357.42	245.97	245.97	100.32	176.77	147.38	153.95
478	-180.31	-180.31	-303.48	-41.023	-355.45	244.64	244.64	99.79	175.81	146.61	153.14
479	-179.34	-179.34	-301.82	-40.768	-353.5	243.32	243.32	99.26	174.85	145.85	152.33
480	-178.36	-178.36	-300.17	-40.513	-351.55	242	242	98.735	173.91	145.09	151.53
481	-177.39	-177.39	-298.53	-40.259	-349.62	240.7	240.7	98.213	172.96	144.33	150.74
482	-176.43	-176.43	-296.9	-40.006	-347.71	239.4	239.4	97.695	172.03	143.59	149.98
483	-175.48	-175.48	-295.29	-39.754	-345.8	238.11	238.11	97.18	171.09	142.84	149.22
484	-174.53	-174.53	-293.68	-39.502	-343.91	236.83	236.83	96.669	170.17	142.1	148.47
485	-173.58	-173.58	-292.08	-39.249	-342.03	235.56	235.56	96.161	169.25	141.37	147.73
486	-172.64	-172.64	-290.49	-38.997	-340.16	234.3	234.3	95.657	168.34	140.64	146.99
487	-171.71	-171.71	-288.92	-38.746	-338.3	233.05	233.05	95.156	167.43	139.91	146.25
488	-170.78	-170.78	-287.35	-38.495	-336.45	231.8	231.8	94.658	166.53	139.19	145.52
489	-169.86	-169.86	-285.79	-38.244	-334.62	230.56	230.56	94.164	165.63	138.48	144.8
490	-168.94	-168.94	-284.24	-37.994	-332.79	229.33	229.33	93.673	164.74	137.77	144.08
491	-168.03	-168.03	-282.7	-37.743	-330.98	228.1	228.1	93.185	163.86	137.06	143.36
492	-167.12	-167.12	-281.17	-37.493	-329.18	226.89	226.89	92.7	162.98	136.36	142.65
493	-166.21	-166.21	-279.64	-37.243	-327.39	225.68	225.68	92.218	162.1	135.66	141.95
494	-165.32	-165.32	-278.13	-36.993	-325.61	224.48	224.48	91.74	161.23	134.96	141.25
495	-164.42	-164.42	-276.62	-36.743	-323.84	223.28	223.28	91.264	160.37	134.27	140.55
496	-163.53	-163.53	-275.13	-36.493	-322.08	222.09	222.09	90.791	159.51	133.59	139.86
497	-162.65	-162.65	-273.64	-36.244	-320.33	220.91	220.91	90.321	158.66	132.91	139.17
498	-161.77	-161.77	-272.16	-35.996	-318.59	219.74	219.74	89.854	157.81	132.23	138.48
499	-160.89	-160.89	-270.68	-35.747	-316.85	218.57	218.57	89.39	156.96	131.55	137.8
500	-160.02	-160.02	-269.22	-35.498	-315.13	217.41	217.41	88.928	156.12	130.88	137.13
501	-159.16	-159.16	-267.76	-35.249	-313.42	216.26	216.26	88.47	155.29	130.22	136.45
502	-158.3	-158.3	-266.32	-35.001	-311.72	215.11	215.11	88.014	154.46	129.55	135.78
503	-157.44	-157.44	-264.87	-34.753	-310.03	213.97	213.97	87.56	153.63	128.89	135.11
504	-156.59	-156.59	-263.44	-34.504	-308.34	212.84	212.84	87.11	152.81	128.24	134.45
505	-155.74	-155.74	-262.01	-34.256	-306.67	211.71	211.71	86.662	152	127.59	133.79
506	-154.89	-154.89	-260.6	-34.007	-305	210.58	210.58	86.216	151.18	126.94	133.13
507	-154.05	-154.05	-259.18	-33.759	-303.34	209.47	209.47	85.773	150.38	126.29	132.48
508	-153.21	-153.21	-257.78	-33.512	-301.7	208.36	208.36	85.333	149.57	125.65	131.83
509	-152.38	-152.38	-256.38	-33.264	-300.05	207.25	207.25	84.895	148.77	125.01	131.18
510	-151.55	-151.55	-254.99	-33.016	-298.42	206.15	206.15	84.459	147.98	124.37	130.54
511	-150.73	-150.73	-253.61	-32.768	-296.8	205.06	205.06	84.026	147.19	123.74	129.9
512	-149.9	-149.9	-252.23	-32.52	-295.18	203.97	203.97	83.595	146.4	123.11	129.26
513	-149.09	-149.09	-250.86	-32.273	-293.57	202.89	202.89	83.166	145.62	122.49	128.63
514	-148.27	-148.27	-249.5	-32.025	-291.97	201.81	201.81	82.74	144.84	121.86	128
515	-147.46	-147.46	-248.14	-31.777	-290.38	200.74	200.74	82.316	144.06	121.24	127.37
516	-146.65	-146.65	-246.79	-31.528	-288.8	199.67	199.67	81.894	143.29	120.63	126.75
517	-145.85	-145.85	-245.45	-31.281	-287.22	198.61	198.61	81.474	142.52	120.01	126.12
518	-145.05	-145.05	-244.11	-31.033	-285.65	197.56	197.56	81.056	141.76	119.4	125.5
519	-144.25	-144.25	-242.78	-30.785	-284.09	196.51	196.51	80.641	141	118.79	124.88
520	-143.46	-143.46	-241.45	-30.536	-282.53	195.46	195.46	80.227	140.24	118.19	124.27
521	-142.67	-142.67	-240.13	-30.287	-280.98	194.42	194.42	79.816	139.49	117.58	123.65
522	-141.88	-141.88	-238.81	-30.039	-279.44	193.38	193.38	79.407	138.74	116.98	123
523	-141.1	-141.1	-237.5	-29.79	-277.9	192.35	192.35	79	137.99	116.38	122.37
524	-140.32	-140.32	-236.2	-29.541	-276.38	191.32	191.32	78.595	137.25	115.79	121.73
525	-139.54	-139.54	-234.9	-29.291	-274.85	190.3	190.3	78.192	136.51	115.2	121.1
526	-138.76	-138.76	-233.61	-29.041	-273.34	189.28	189.28	77.79	135.77	114.61	120.47
527	-137.99	-137.99	-232.32	-28.791	-271.83	188.27	188.27	77.391	135.04	114.02	119.85
528	-137.22	-137.22	-231.04	-28.542	-270.33	187.26	187.26	76.993	134.31	113.44	119.23
529	-136.46	-136.46	-229.76	-28.292	-268.83	186.25	186.25	76.597	133.58	112.85	118.61
530	-135.69	-135.69	-228.49	-28.041	-267.34	185.25	185.25	76.203	132.86	112.27	118
531	-134.93	-134.93	-227.22	-27.79	-265.86	184.25	184.25	75.81	132.14	111.69	117.39
532	-134.18	-134.18	-225.96	-27.54	-264.38	183.26	183.26	75.42	131.42	111.12	116.78
533	-133.42	-133.42	-224.71	-27.289	-262.9	182.27	182.27	75.031	130.71	110.55	116.18
534	-132.67	-132.67	-223.45	-27.038	-261.44	181.29	181.29	74.643	129.99	109.97	115.58
535	-131.92	-131.92	-222.21	-26.786	-259.98	180.3	180.3	74.258	129.29	109.41	114.98
536	-131.17	-131.17	-220.96	-26.533	-258.52	179.33	179.33	73.874	128.58	108.84	114.31
537	-130.43	-130.43	-219.72	-26.274	-257.07	178.35	178.35	73.493	127.88	108.28	113.34
538	-129.68	-129.68	-218.49	-26.015	-255.62	177.38	177.38	73.113	127.18	107.71	112.38
539	-128.94	-128.94	-217.26	-25.755	-254.18	176.42	176.42	72.736	126.48	107.15	111.42
540	-128.2	-128.2	-216.03	-25.495	-252.75	175.46	175.46	72.359	125.79	106.6	110.47
541	-127.47	-127.47	-214.81	-25.235	-251.32	174.5	174.5	71.984	125.09	106.04	109.58
542	-126.74	-126.74	-213.59	-24.984	-249.89	173.55	173.55	71.608	124.4	105.49	108.98
543	-126.01	-126.01	-212.38	-24.734	-248.47	172.6	172.6	71.234	123.71	104.93	108.38
544	-125.28	-125.28	-211.17	-24.483	-247.06	171.65	171.65	70.861	123.03	104.38	107.79
545	-124.56	-124.56	-209.97	-24.231	-245.65	170.71	170.71	70.489	122.34	103.83	107.19
546	-123.83	-123.83	-208.77	-23.979	-244.24	169.77	169.77	70.118	121.66	103.28	106.6
547	-123.12	-123.12	-207.57	-23.744	-242.85	168.85	168.85	69.745	120.98	102.73	106
548	-122.4	-122.4	-206.38	-23.51	-241.45	167.94	167.94	69.373	120.3	102.18	105.41
549	-121.69	-121.69	-205.2	-23.274	-240.06	167.02	167.02	69.002	119.62	101.63	104.83
550	-120.98	-120.98	-204.01	-23.037	-238.68	166.11	166.11	68.633	118.95	101.09	104.24
551	-120.27	-120.27	-202.83	-22.801	-237.3	165.21	165.21	68.265	118.28	100.55	103.74
552	-119.57	-119.57	-201.66	-22.597	-235.93	164.33	164.33	67.89	117.6	99.996	103.56
553	-118.87	-118.87	-200.5	-22.394	-234.56	163.45	163.45	67.516	116.93	99.449	103.38
554	-118.18	-118.18	-199.33	-22.19	-233.2	162.58	162.58	67.144	116.26	98.903	103.19
555	-117.49	-117.49	-198.17	-21.983	-231.84	161.71	161.71	66.773	115.59	98.359	103
556	-116.79	-116.79	-197.02	-21.775	-230.49	160.84	160.84	66.404	114.92	97.817	102.73
557	-116.11	-116.11	-195.87	-21.592	-229.15	160.01	160.01	66.03	114.25	97.271	102.15
558	-115.43	-115.43	-194.73	-21.408	-227.8	159.17	159.17	65.657	113.59	96.726	101.57
559	-114.75	-114.75	-193.59	-21.222	-226.47	158.34	158.34	65.286	112.92	96.184	100.99
560	-114.07	-114.07	-192.45	-21.033	-225.14	157.51	157.51	64.917	112.26	95.643	100.41
561	-113.39	-113.39	-191.31	-20.843	-223.81	156.68	156.68	64.548	111.6	95.104	99.829
562	-112.72	-112.72	-190.19	-20.679	-222.49	155.88	155.88	64.175	110.94	94.561	99.244
563	-112.05	-112.05	-189.06	-20.513	-221.17	155.08	155.08	63.804	110.28	94.019	98.662
564	-111.39	-111.39	-187.94	-20.345	-219.86	154.28	154.28	63.433	109.62	93.479	98.08
565	-110.72	-110.72	-186.82	-20.173	-218.55	153.48	153.48	63.065	108.96	92.941	97.501
566	-110.06	-110.06	-185.71	-19.999	-217.24	152.69	152.69	62.698	108.31	92.404	96.923
567	-109.4	-109.4	-184.6	-19.844	-215.94	151.91	151.91	62.327	107.65	91.865	96.344
568	-108.74	-108.74	-183.5	-19.688	-214.65	151.13	151.13	61.958	107	91.327	95.767
569	-108.09	-108.09	-182.39	-19.527	-213.36	150.36	150.36	61.59	106.35	90.791	95.192
570	-107.43	-107.43	-181.29	-19.363	-212.07	149.58	149.58	61.224	105.7	90.257	94.618
571	-106.78	-106.78	-180.2	-19.196	-210.79	148.81	148.81	60.859	105.05	89.724	94.045
572	-106.13	-106.13	-179.11	-19.036	-209.5	148.05	148.05	60.494	104.4	89.19	93.473
573	-105.48	-105.48	-178.01	-18.873	-208.23	147.28	147.28	60.13	103.75	88.658	92.903
574	-104.83	-104.83	-176.93	-18.706	-206.95	146.52	146.52	59.767	103.11	88.128	92.334
575	-104.19	-104.19	-175.84	-18.535	-205.68	145.75	145.75	59.406	102.47	87.599	91.766
576	-103.54	-103.54	-174.76	-18.362	-204.41	144.99	144.99	59.046	101.83	87.072	91.295
577	-102.9	-102.9	-173.68	-18.192	-203.15	144.22	144.22	58.686	101.19	86.544	91.203
578	-102.25	-102.25	-172.6	-18.02	-201.89	143.46	143.46	58.327	100.55	86.017	91.105
579	-101.61	-101.61	-171.52	-17.843	-200.63	142.7	142.7	57.97	99.91	85.492	90.999
580	-100.97	-100.97	-170.45	-17.663	-199.37	141.93	141.93	57.613	99.274	84.968	90.887
581	-100.33	-100.33	-169.38	-17.477	-198.12	141.16	141.16	57.259	98.64	84.446	90.68
582	-99.685	-99.685	-168.3	-17.281	-196.86	140.4	140.4	56.907	98.008	83.926	90.119
583	-99.043	-99.043	-167.23	-17.08	-195.61	139.63	139.63	56.556	97.377	83.408	89.559
584	-98.401	-98.401	-166.16	-16.876	-194.36	138.86	138.86	56.207	96.748	82.89	89
585	-97.76	-97.76	-165.09	-16.668	-193.11	138.09	138.09	55.858	96.12	82.374	88.442
586	-97.118	-97.118	-164.03	-16.457	-191.86	137.32	137.32	55.511	95.493	81.858	87.883
587	-96.477	-96.477	-162.96	-16.236	-190.62	136.55	136.55	55.166	94.868	81.345	87.319
588	-95.835	-95.835	-161.9	-16.011	-189.37	135.77	135.77	54.822	94.244	80.832	86.757
589	-95.193	-95.193	-160.83	-15.783	-188.12	134.99	134.99	54.478	93.62	80.32	86.195
590	-94.551	-94.551	-159.77	-15.551	-186.88	134.22	134.22	54.135	92.998	79.808	85.633
591	-93.91	-93.91	-158.7	-15.315	-185.64	133.44	133.44	53.794	92.377	79.298	85.072
592	-93.267	-93.267	-157.64	-15.069	-184.4	132.65	132.65	53.454	91.757	78.789	84.513
593	-92.624	-92.624	-156.57	-14.818	-183.15	131.86	131.86	53.115	91.138	78.281	83.954
594	-91.981	-91.981	-155.51	-14.564	-181.91	131.07	131.07	52.776	90.52	77.773	83.396
595	-91.337	-91.337	-154.45	-14.307	-180.67	130.28	130.28	52.438	89.902	77.266	82.838
596	-90.694	-90.694	-153.38	-14.044	-179.43	129.49	129.49	52.101	89.285	76.759	82.281
597	-90.049	-90.049	-152.32	-13.77	-178.19	128.69	128.69	51.766	88.67	76.254	81.724
598	-89.403	-89.403	-151.25	-13.49	-176.94	127.89	127.89	51.431	88.054	75.749	81.168
599	-88.757	-88.757	-150.19	-13.207	-175.7	127.09	127.09	51.096	87.439	75.244	80.613
600	-88.111	-88.111	-149.13	-12.92	-174.46	126.29	126.29	50.761	86.825	74.739	80.057
601	-87.464	-87.464	-148.06	-12.628	-173.22	125.48	125.48	50.427	86.21	74.234	79.501
602	-86.816	-86.816	-146.99	-12.323	-171.97	124.67	124.67	50.094	85.597	73.731	78.946
603	-86.167	-86.167	-145.93	-12.014	-170.73	123.85	123.85	49.762	84.984	73.227	78.391
604	-85.518	-85.518	-144.86	-11.699	-169.48	123.04	123.04	49.429	84.37	72.723	77.836
605	-84.868	-84.868	-143.79	-11.38	-168.23	122.22	122.22	49.096	83.757	72.219	77.281
606	-84.217	-84.217	-142.72	-11.055	-166.99	121.4	121.4	48.763	83.143	71.715	76.725
607	-83.565	-83.565	-141.65	-10.716	-165.74	120.57	120.57	48.431	82.531	71.211	76.17
608	-82.912	-82.912	-140.58	-10.371	-164.49	119.74	119.74	48.099	81.918	70.706	75.614
609	-82.259	-82.259	-139.5	-10.02	-163.24	118.91	118.91	47.766	81.304	70.201	75.058
610	-81.604	-81.604	-138.43	-9.6629	-161.98	118.08	118.08	47.433	80.69	69.695	74.501
611	-80.949	-80.949	-137.35	-9.2976	-160.73	117.24	117.24	47.099	80.075	69.189	73.943
612	-80.293	-80.293	-136.27	-8.9172	-159.47	116.4	116.4	46.766	79.46	68.682	73.386
613	-79.635	-79.635	-135.19	-8.5285	-158.21	115.55	115.55	46.432	78.844	68.174	72.827
614	-78.977	-78.977	-134.11	-8.1312	-156.95	114.7	114.7	46.096	78.227	67.665	72.267
615	-78.319	-78.319	-133.03	-7.7246	-155.69	113.85	113.85	45.76	77.609	67.155	71.707
616	-77.659	-77.659	-131.94	-7.3069	-154.42	113	113	45.423	76.99	66.643	71.144
617	-76.999	-76.999	-130.86	-6.871	-153.16	112.14	112.14	45.085	76.371	66.131	70.582
618	-76.337	-76.337	-129.77	-6.4227	-151.89	111.27	111.27	44.745	75.749	65.616	70.017
619	-75.676	-75.676	-128.68	-5.9607	-150.61	110.4	110.4	44.404	75.126	65.1	69.451
620	-75.013	-75.013	-127.59	-5.4835	-149.34	109.53	109.53	44.06	74.501	64.581	68.883
621	-74.351	-74.351	-126.49	-4.9883	-148.06	108.66	108.66	43.714	73.874	64.059	68.312
622	-73.688	-73.688	-125.4	-4.4666	-146.79	107.78	107.78	43.367	73.246	63.535	67.74
623	-73.025	-73.025	-124.3	-3.9225	-145.5	106.89	106.89	43.016	72.614	63.008	67.165
624	-72.363	-72.363	-123.2	-3.3523	-144.22	106	106	42.661	71.979	62.477	66.587
625	-71.701	-71.701	-122.1	-2.7514	-142.93	105.1	105.1	42.302	71.341	61.942	66.006
626	-71.041	-71.041	-120.99	-2.1123	-141.64	104.2	104.2	41.939	70.698	61.402	65.421
627	-70.383	-70.383	-119.89	-1.4201	-140.35	103.29	103.29	41.569	70.051	60.855	64.831
628	-69.729	-69.729	-118.79	-0.66868	-139.06	102.38	102.38	41.192	69.398	60.301	64.236
629	-69.081	-69.081	-117.68	-0.24642	-137.77	101.45	101.45	40.803	68.737	59.737	63.633
630	-68.429	-68.429	-116.57	0.68364	-136.47	100.52	100.52	40.416	68.076	59.173	63.029
631	-67.771	-67.771	-115.46	1.2339	-135.17	99.595	99.595	40.032	67.415	58.611	62.426
632	-67.105	-67.105	-114.34	1.7661	-133.86	98.661	98.661	39.652	66.756	58.052	61.825
633	-66.432	-66.432	-113.21	2.278	-132.54	97.725	97.725	39.276	66.098	57.494	61.224
634	-65.753	-65.753	-112.08	2.7714	-131.21	96.786	96.786	38.903	65.44	56.939	60.623
635	-65.067	-65.067	-110.93	3.2479	-129.88	95.844	95.844	38.532	64.782	56.385	60.022
636	-64.374	-64.374	-109.78	3.7094	-128.54	94.899	94.899	38.164	64.125	55.832	59.421
637	-63.675	-63.675	-108.63	4.1593	-127.19	93.949	93.949	37.798	63.467	55.28	58.82
638	-62.97	-62.97	-107.46	4.5956	-125.83	92.995	92.995	37.434	62.809	54.729	58.219
639	-62.257	-62.257	-106.29	5.019	-124.46	92.038	92.038	37.072	62.15	54.178	57.616
640	-61.539	-61.539	-105.11	5.4305	-123.09	91.076	91.076	36.711	61.49	53.627	57.012
641	-60.813	-60.813	-103.93	5.8308	-121.71	90.109	90.109	36.352	60.829	53.075	56.407
642	-60.081	-60.081	-102.73	6.2224	-120.32	89.137	89.137	35.993	60.166	52.524	55.801
643	-59.341	-59.341	-101.53	6.6036	-118.91	88.159	88.159	35.636	59.502	51.972	55.193
644	-58.595	-58.595	-100.31	6.9749	-117.5	87.177	87.177	35.279	58.837	51.419	54.583
645	-57.842	-57.842	-99.09	7.3369	-116.08	86.189	86.189	34.923	58.169	50.866	53.971
646	-57.081	-57.081	-97.859	7.6902	-114.65	85.195	85.195	34.567	57.499	50.311	53.357
647	-56.312	-56.312	-96.618	8.0363	-113.21	84.194	84.194	34.211	56.827	49.754	52.741
648	-55.535	-55.535	-95.366	8.374	-111.75	83.186	83.186	33.856	56.152	49.197	52.122
649	-54.751	-54.751	-94.104	8.7036	-110.29	82.172	82.172	33.5	55.474	48.637	51.5
650	-53.958	-53.958	-92.832	9.0253	-108.81	81.151	81.151	33.144	54.793	48.075	50.875
651	-53.156	-53.156	-91.547	9.3396	-107.32	80.122	80.122	32.788	54.108	47.511	50.247
652	-52.346	-52.346	-90.251	9.6476	-105.82	79.084	79.084	32.431	53.421	46.945	49.615
653	-51.526	-51.526	-88.943	9.9483	-104.3	78.038	78.038	32.074	52.729	46.376	48.98
654	-50.696	-50.696	-87.622	10.242	-102.77	76.984	76.984	31.715	52.033	45.805	48.341
655	-49.857	-49.857	-86.287	10.528	-101.22	75.921	75.921	31.356	51.332	45.23	47.697
656	-49.007	-49.007	-84.938	10.808	-99.656	74.848	74.848	30.995	50.627	44.651	47.048
657	-48.146	-48.146	-83.574	11.082	-98.076	73.764	73.764	30.633	49.917	44.069	46.395
658	-47.273	-47.273	-82.195	11.348	-96.479	72.67	72.67	30.269	49.201	43.483	45.737
659	-46.388	-46.388	-80.8	11.608	-94.863	71.565	71.565	29.903	48.48	42.893	45.072
660	-45.491	-45.491	-79.387	11.862	-93.227	70.448	70.448	29.535	47.752	42.298	44.402
661	-44.58	-44.58	-77.956	12.108	-91.572	69.318	69.318	29.165	47.018	41.698	43.726
662	-43.656	-43.656	-76.506	12.349	-89.894	68.175	68.175	28.792	46.277	41.092	43.043
663	-42.716	-42.716	-75.037	12.583	-88.194	67.018	67.018	28.416	45.528	40.481	42.353
664	-41.761	-41.761	-73.545	12.809	-86.47	65.846	65.846	28.037	44.771	39.864	41.655
665	-40.789	-40.789	-72.032	13.029	-84.72	64.658	64.658	27.655	44.006	39.24	40.949
666	-39.799	-39.799	-70.494	13.242	-82.944	63.453	63.453	27.269	43.231	38.609	40.234
667	-38.79	-38.79	-68.931	13.448	-81.138	62.231	62.231	26.878	42.446	37.97	39.509
668	-37.761	-37.761	-67.34	13.646	-79.301	60.989	60.989	26.484	41.651	37.322	38.775
669	-36.71	-36.71	-65.72	13.837	-77.432	59.726	59.726	26.083	40.844	36.665	38.029
670	-35.636	-35.636	-64.07	14.019	-75.527	58.442	58.442	25.678	40.024	35.999	37.271
671	-34.536	-34.536	-62.385	14.193	-73.584	57.134	57.134	25.265	39.191	35.321	36.501
672	-33.409	-33.409	-60.664	14.358	-71.6	55.801	55.801	24.846	38.344	34.632	35.717
673	-32.252	-32.252	-58.905	14.513	-69.572	54.44	54.44	24.42	37.48	33.93	34.918
674	-31.062	-31.062	-57.102	14.658	-67.495	53.048	53.048	23.984	36.599	33.214	34.102
675	-29.837	-29.837	-55.253	14.792	-65.366	51.625	51.625	23.539	35.698	32.482	33.268
676	-28.571	-28.571	-53.353	14.914	-63.179	50.165	50.165	23.083	34.777	31.733	32.414
677	-27.261	-27.261	-51.397	15.023	-60.929	48.665	48.665	22.615	33.832	30.964	31.538
678	-25.9	-25.9	-49.379	15.117	-58.609	47.121	47.121	22.132	32.861	30.173	30.637
679	-24.483	-24.483	-47.291	15.193	-56.21	45.529	45.529	21.634	31.86	29.357	29.708
680	-23	-23	-45.125	15.251	-53.723	43.881	43.881	21.116	30.825	28.514	28.748
681	-21.441	-21.441	-42.87	15.286	-51.137	42.17	42.17	20.576	29.752	27.637	27.751
682	-19.791	-19.791	-40.514	15.294	-48.436	40.387	40.387	20.01	28.634	26.721	26.712
683	-18.032	-18.032	-38.039	15.27	-45.602	38.52	38.52	19.411	27.463	25.759	25.624
684	-16.136	-16.136	-35.427	15.204	-42.613	36.553	36.553	18.771	26.228	24.741	24.475
685	-14.062	-14.062	-32.648	15.085	-39.438	34.464	34.464	18.079	24.914	23.652	23.253
686	-11.745	-11.745	-29.668	14.893	-36.037	32.222	32.222	17.317	23.499	22.468	21.935
687	-9.0596	-9.0596	-26.44	14.59	-32.355	29.78	29.78	16.45	21.943	21.152	20.486
688	-5.7112	-5.7112	-22.912	14.093	-28.328	27.049	27.049	15.411	20.173	19.623	18.836
689	-0.22408	-0.22408	-19.193	13.034	-24	23.772	23.772	13.915	17.924	17.574	16.739
690	4.2373	4.2373	-14.78	11.669	-18.881	19.877	19.877	12.089	15.231	15.099	14.226
691	6.8796	6.8796	-7.2351	10.836	-11.009	15.431	15.431	10.491	12.449	12.729	11.63
692	7.3372	7.3372	8.3292	8.3338	8.3292	7.5857	7.5857	7.2209	7.426	8.2336	6.9383
