;LAP Re-entry Time (sec.) vs. Alt (ft.), Pinf (psia) & Tinf (R)
#I=0,694,1; p:\vissim\vent\lap_aft_skirt\lap_reentry_data.vsm  @ Wed Jan 21 19:44:04 1998
0	5700.46	11.913977	498.6768	6.3842071e-005
1	5703.708	11.912523	498.66523	0.0059373815
2	5714.633	11.907631	498.62629	0.01396388
3	5734.58	11.898705	498.55519	0.022447785
4	5763.911	11.885588	498.45065	0.031098141
5	5802.822	11.868206	498.31196	0.039915898
6	5851.509	11.846486	498.13844	0.04890207
7	5910.105	11.820388	497.92959	0.058066842
8	5978.806	11.789848	497.68473	0.067411352
9	6057.841	11.754795	497.40304	0.076927682
10	6147.376	11.715186	497.08393	0.086635361
11	6247.605	11.670976	496.72671	0.096526605
12	6358.727	11.622119	496.33067	0.10660283
13	6480.906	11.568593	495.89523	0.11686553
14	6614.337	11.510366	495.41969	0.12730711
15	6759.187	11.447426	494.90347	0.13792005
16	6915.519	11.379811	494.34633	0.14874261
17	7083.432	11.307548	493.74792	0.15982239
18	7262.927	11.230714	493.10826	0.17118881
19	7454.003	11.149389	492.42733	0.1829081
20	7656.562	11.063699	491.7055	0.19501918
21	7870.506	10.973775	490.9431	0.20759793
22	8095.768	10.879737	490.1404	0.22069297
23	8332.317	10.781692	489.29749	0.23432563
24	8580.709	10.679512	488.4124	0.24831523
25	8842.9791	10.572478	487.47789	0.26258999
26	9116.7917	10.461665	486.50227	0.27709153
27	9403.6912	10.34657	485.48005	0.29192023
28	9703.8619	10.227253	484.41057	0.3070629
29	10017.513	10.103775	483.2931	0.32252779
30	10344.875	9.9761935	482.12681	0.33831779
31	10686.155	9.8445838	480.91098	0.3544341
32	11041.549	9.7090336	479.6449	0.37088087
33	11411.277	9.5696294	478.32782	0.38765595
34	11795.591	9.4264529	476.95881	0.40476768
35	12194.685	9.2796164	475.53722	0.4222236
36	12608.793	9.1292254	474.06219	0.44002223
37	13038.153	8.9753917	472.53291	0.45816603
38	13482.973	8.8182462	470.94863	0.476667
39	13943.494	8.6579151	469.30849	0.49552719
40	14419.958	8.4945338	467.61165	0.51475642
41	14912.592	8.3282494	465.85731	0.53436386
42	15421.628	8.1592158	464.04464	0.55434956
43	15947.294	7.9875947	462.17285	0.57472423
44	16489.866	7.8135406	460.24096	0.59550476
45	17049.525	7.6372449	458.24833	0.61671492
46	17626.447	7.4589062	456.19435	0.63840853
47	18220.716	7.2787566	454.07873	0.66061126
48	18832.455	7.0970178	451.90104	0.68333225
49	19461.714	6.9139362	449.66112	0.70658081
50	20108.584	6.7297474	447.35865	0.73037354
51	20773.15	6.5446894	444.99334	0.75473044
52	21455.48	6.3590063	442.56496	0.77964494
53	22155.614	6.1729476	440.07338	0.8051262
54	22873.564	5.98677	437.51858	0.831175
55	23609.351	5.8007236	434.90048	0.85779743
56	24362.986	5.615059	432.21907	0.88499901
57	25134.447	5.4300302	429.47444	0.91277578
58	25923.698	5.2458885	426.66672	0.9411349
59	26730.641	5.0628941	423.79628	0.97007585
60	27555.211	4.8812905	420.86337	0.99960659
61	28397.212	4.701342	417.8687	1.0297372
62	29256.97	4.5231938	414.81112	1.0604908
63	30133.83	4.347187	411.69299	1.0918684
64	31027.693	4.1735316	408.51466	1.1238904
65	31938.992	4.0023294	405.27461	1.1566071
66	32867.078	3.833878	401.97516	1.1900356
67	33811.712	3.66838	398.61719	1.2242156
68	34773.438	3.5058933	395.19878	1.2592086
69	35751.438	3.3466981	391.72284	1.2950546
70	36745.891	3.1911302	390.3	1.3282093
71	37757.038	3.0402786	390.3	1.359532
72	38784.479	2.8943123	390.3	1.3914018
73	39828.004	2.7532462	390.3	1.4238256
74	40888.046	2.6169985	390.3	1.4568486
75	41964.141	2.4855951	390.3	1.4904545
76	43056.672	2.3589456	390.3	1.5246346
77	44166.167	2.2369446	390.3	1.5594209
78	45292.261	2.1195809	390.3	1.5947968
79	46435.438	2.0067455	390.3	1.6307858
80	47596.486	1.8983044	390.3	1.667426
81	48774.876	1.7942451	390.3	1.7047039
82	49971.225	1.6944447	390.3	1.7426316
83	51186.221	1.5987793	390.3	1.7812568
84	52419.662	1.5071951	390.3	1.8205635
85	53671.676	1.4196059	390.3	1.8605608
86	54943.148	1.335873	390.3	1.9012977
87	56233.806	1.2559357	390.3	1.9427569
88	57544.141	1.1796808	390.3	1.9849476
89	58874.813	1.106988	390.3	2.02792
90	60225.313	1.0377991	390.3	2.0716482
91	61596.365	0.97198784	390.3	2.1161528
92	62988.763	0.90942985	390.3	2.16147
93	64401.728	0.85007013	390.3	2.2075775
94	65835.89	0.7937775	390.30654	2.2544761
95	67292.311	0.74049523	391.10051	2.2998996
96	68770.038	0.69019397	391.90599	2.3460179
97	70269.608	0.64274258	392.72326	2.3928388
98	71792.349	0.59799196	393.55303	2.4403888
99	73337.136	0.55586845	394.3947	2.48864
100	74904.638	0.51624541	395.24861	2.5376
101	76495.636	0.47899922	396.11519	2.5872902
102	78109.352	0.44404473	396.99401	2.6376845
103	79746.295	0.41126765	397.88535	2.6887935
104	81407.551	0.38054788	398.78978	2.7406536
105	83092.263	0.35180462	399.70683	2.7932359
106	84800.616	0.32493808	400.6366	2.8465414
107	86533.64	0.29983958	401.57964	2.9006118
108	88290.66	0.27642889	402.53559	2.955419
109	90072.194	0.25461087	403.5047	3.0109632
110	91878.954	0.2342926	404.48737	3.0672735
111	93710.021	0.21540219	405.48309	3.1243289
112	95565.917	0.19785387	406.49213	3.1821211
113	97447.858	0.18156043	407.51514	3.2406947
114	99354.842	0.16645757	408.55159	3.3000077
115	101286.84	0.15247397	409.60143	3.3600621
116	103245.6	0.13952971	410.66563	3.4209044
117	105229.68	0.12757004	411.74337	3.4824818
118	107239.45	0.1165492	414.51762	3.5376039
119	109276.32	0.10642366	417.6144	3.592008
120	111339.17	0.097133396	420.75009	3.6468519
121	113428.22	0.088614227	423.92496	3.7021346
122	115545.19	0.080801101	427.14161	3.7578913
123	117686.76	0.073651157	430.39499	3.8106229
124	119850.77	0.067117597	433.6818	3.8537639
125	122031.12	0.061165345	436.99271	3.8973945
126	124226.47	0.055745919	440.32572	3.9346597
127	126427.72	0.050830692	443.66699	3.9519281
128	128625.03	0.046389453	447.00158	3.9654473
129	130814.47	0.042379583	450.32352	3.9668428
130	132992.26	0.038761235	453.6271	3.9687543
131	135153.64	0.035499034	456.90512	3.961674
132	137289.43	0.032565935	460.14366	3.926959
133	139392.22	0.029933224	463.33152	3.893429
134	141460.94	0.027566961	466.46709	3.8610246
135	143497	0.025434887	469.55257	3.8296459
136	145501.09	0.023509854	472.58902	3.7992327
137	147471.65	0.021770174	475.5741	3.7697551
138	149423.19	0.020184046	478.52981	3.769573
139	151404.81	0.018700859	481.53052	3.8443694
140	153490.91	0.017266188	484.68883	3.8364679
141	155643.78	0.015908993	487.5	3.747968
142	157810.25	0.014654845	487.5	3.6314415
143	159971.56	0.013502432	487.5	3.5156014
144	162129.42	0.012442475	487.5	3.4004911
145	164284.74	0.011467027	487.5	3.2862553
146	166436.37	0.010569699	487.5	3.1731914
147	168586.44	0.0097433286	487.5	3.0614987
148	170735.6	0.0089801735	484.3871	2.9609855
149	172882.65	0.0082726978	481.1425	2.8624475
150	175029.52	0.0076169039	477.89883	2.7659231
151	177177.2	0.0070090493	474.6546	2.6720422
152	179324.58	0.0064462117	471.41149	2.5816085
153	181473.26	0.0059249409	468.16708	2.4954758
154	183624.63	0.0054421408	464.91926	2.4147034
155	185777.5	0.0049954927	461.66985	2.3405629
156	187933.81	0.0045821747	458.41592	2.274399
157	190094.45	0.0041998047	455.1561	2.2177581
158	192258.31	0.0038464969	451.89212	2.172332
159	194427.58	0.0035199486	448.62065	2.1397965
160	196603.16	0.0032182499	445.34033	2.1218476
161	198783.83	0.002939892	442.05302	2.1200469
162	200971.63	0.0026830439	438.75564	2.1357044
163	203167.8	0.0024461284	435.44634	2.1698232
164	205371.27	0.0022279109	432.12674	2.2229684
165	207584.01	0.0020269317	428.79387	2.2953813
166	209807.66	0.0018418895	425.44525	2.3869316
167	212040.89	0.0016718111	422.08295	2.4964764
168	214274.88	0.0015162415	418.7202	2.5402412
169	216485.34	0.0013755248	415.39357	2.5226561
170	218664.72	0.0012486448	412.11441	2.5049571
171	220812.11	0.001134243	408.88403	2.4871512
172	222927.3	0.0010310595	405.70273	2.4692312
173	225011.52	0.00093790079	402.56865	2.451194
174	227063.95	0.00085379009	399.48298	2.4330491
175	229084.16	0.00077782951	396.44633	2.4148024
176	231073.4	0.00070915541	393.45679	2.3964408
177	233030.82	0.00064706663	390.51563	2.3779682
178	234956.28	0.00059090821	387.62304	2.3594056
179	236850.65	0.00054009272	385.32689	2.3390699
180	238713.29	0.00049416123	383.32888	2.317885
181	240544.09	0.0004526252	381.36536	2.296665
182	242344	0.00041501759	379.43529	2.2754097
183	244112.11	0.00038095983	377.53966	2.2541323
184	245848.29	0.00035009587	375.67856	2.2328406
185	247553.52	0.00032209011	373.85094	2.2115279
186	249227.17	0.00029666852	372.05745	2.1902108
187	250868.85	0.00027358064	370.2985	2.1688998
188	252479.62	0.00025258302	368.57294	2.1475963
189	254058.91	0.00023347885	366.88134	2.1263089
190	255606.31	0.00021608905	365.22417	2.1050578
191	257122.72	0.00020023839	363.6004	2.0838394
192	258607.71	0.00018578411	362.01051	2.0626619
193	260060.77	0.00017259765	360.45502	2.0415478
194	261482.87	0.00016055102	358.93289	2.0204967
195	262873.5	0.0001495413	357.44462	1.9995322
196	264232.47	0.0001394734	355.99044	1.9786646
197	265560.35	0.00013025607	354.5697	1.9578908
198	266856.68	0.00012181442	353.1829	1.937232
199	268121.5	0.0001140774	351.82996	1.916708
200	269355.21	0.00010697912	350.51046	1.8963242
201	270557.37	0.00010046476	349.22485	1.876103
202	271727.87	9.4482921e-005	347.97324	1.8560568
203	272867.45	8.8983136e-005	346.75483	1.836195
204	273975.59	8.3925765e-005	345.57016	1.8165375
205	275052.13	7.9273213e-005	344.41939	1.7971048
206	276097.49	7.4989065e-005	343.30205	1.777909
207	277111.5	7.1042814e-005	342.21834	1.758973
208	278093.86	6.7407196e-005	341.16854	1.7403147
209	279045.09	6.4054599e-005	340.15211	1.7219433
210	279965.08	6.096222e-005	339.16915	1.7038869
211	280853.49	5.8110096e-005	338.22002	1.6861629
212	281710.87	5.5477274e-005	337.3041	1.6687879
213	282536.84	5.2956742e-005	336.69114	1.6511328
214	283331.1	5.0547814e-005	336.69114	1.6324748
215	284094.31	4.8343768e-005	336.69114	1.614346
216	284826.12	4.6327235e-005	336.69114	1.5967735
217	285526.42	4.4481996e-005	336.69114	1.5797729
218	286195.79	4.2791986e-005	336.69114	1.5633563
219	286833.75	4.1245397e-005	336.69114	1.5475526
220	287440.06	3.983116e-005	336.69114	1.5323807
221	288015.25	3.8537614e-005	336.69114	1.5178427
222	288559.23	3.7355767e-005	336.69114	1.5039682
223	289071.73	3.6277938e-005	336.69114	1.4907804
224	289552.89	3.5296396e-005	336.69114	1.4782889
225	290002.89	3.4404253e-005	336.69114	1.4665149
226	290421.39	3.3596307e-005	336.69114	1.4554777
227	290808.75	3.2866643e-005	336.69114	1.4451867
228	291164.69	3.2211185e-005	336.69114	1.4356638
229	291489.27	3.1625727e-005	336.69114	1.4269325
230	291782.74	3.1106214e-005	336.69114	1.4189913
231	292044.7	3.0650253e-005	336.69114	1.4118575
232	292275.28	3.025485e-005	336.69114	1.405553
233	292474.77	2.9917193e-005	336.69114	1.4000788
234	292642.89	2.9635782e-005	336.69114	1.3954438
235	292779.65	2.9408948e-005	336.69114	1.3916596
236	292885.11	2.9235315e-005	336.69114	1.3887351
237	292959.25	2.9113917e-005	336.69114	1.3866767
238	293002.2	2.9043826e-005	336.69114	1.3854843
239	293016.77	2.90201e-005	336.69114	1.3850752
240	292997.05	2.905222e-005	336.69114	1.3856217
241	292946.18	2.9135285e-005	336.69114	1.3870438
242	292863.83	2.9270272e-005	336.69114	1.3893308
243	292750.23	2.9457594e-005	336.69114	1.3924749
244	292605.23	2.9698571e-005	336.69114	1.3964815
245	292429.05	2.9994226e-005	336.69114	1.4013315
246	292221.27	3.0346976e-005	336.69114	1.4070277
247	291982.44	3.0757973e-005	336.69114	1.4135516
248	291712.15	3.1230343e-005	336.69114	1.4208863
249	291410.8	3.1766213e-005	336.69114	1.429045
250	291077.84	3.2369811e-005	336.69114	1.4379864
251	290713.71	3.3044069e-005	336.69114	1.4477041
252	290318.21	3.37936e-005	336.69114	1.4581923
253	289891.73	3.4622362e-005	336.69114	1.4694173
254	289433.48	3.5537303e-005	336.69114	1.4813743
255	288944.08	3.6543222e-005	336.69114	1.494058
256	288423.48	3.7647001e-005	336.69114	1.5074219
257	287871.42	3.8856794e-005	336.69114	1.5214618
258	287288.14	4.0180555e-005	336.69114	1.536164
259	286673.41	4.1628356e-005	336.69114	1.5515007
260	286027.51	4.3210244e-005	336.69114	1.5674681
261	285350.06	4.4939128e-005	336.69114	1.5840327
262	284641.52	4.6827225e-005	336.69114	1.6011754
263	283901.78	4.888984e-005	336.69114	1.6188932
264	283130.15	5.1145929e-005	336.69114	1.6371543
265	282327.78	5.3611112e-005	336.69114	1.6559464
266	281493.9	5.6132678e-005	337.53587	1.6731407
267	280628.1	5.8821527e-005	338.46081	1.6906027
268	279731.9	6.1732426e-005	339.41829	1.708411
269	278803.89	6.4889501e-005	340.40984	1.7265287
270	277844.2	6.8314175e-005	341.43534	1.7449728
271	276853.87	7.2026438e-005	342.49366	1.7636968
272	275832.03	7.6055786e-005	343.58577	1.7826862
273	274778.15	8.0433645e-005	344.71225	1.8019363
274	273693.68	8.5185968e-005	345.87152	1.8214115
275	272577.72	9.0352065e-005	347.06459	1.8410983
276	271429.94	9.5972771e-005	348.2918	1.8610027
277	270251.34	0.00010208666	349.55212	1.8810679
278	269041.23	0.00010874505	350.84626	1.9013112
279	267799.28	0.00011600323	352.17462	1.92171
280	266526.84	0.00012391196	353.53574	1.9422378
281	265222.59	0.00013254454	354.93107	1.9628907
282	263886.44	0.00014197446	356.3607	1.9836583
283	262519.86	0.00015227149	357.82307	2.0045231
284	261121.46	0.00016353497	359.31969	2.0254625
285	259691.13	0.00017586579	360.8507	2.0464863
286	258230.41	0.00018936031	362.41444	2.0675674
287	256737.86	0.00020415392	364.01248	2.0886939
288	255213.33	0.00022038579	365.645	2.1098748
289	253658.47	0.00023818954	367.31024	2.1310641
290	252071.78	0.00025775082	369.00982	2.1522706
291	250453.05	0.00027926236	370.74398	2.1735041
292	248804.05	0.00030291033	372.51084	2.194728
293	247123.22	0.00032895067	374.3121	2.2159317
294	245410.28	0.00035765184	376.14806	2.2371354
295	243666.84	0.00038927913	378.01701	2.2583026
296	241892.16	0.00042417103	379.91978	2.2794347
297	240084.71	0.00046272605	381.858	2.3005296
298	238247.14	0.00050529739	383.82888	2.3215732
299	236378.31	0.00055236483	385.83362	2.3425566
300	234476.67	0.0006044608	388.3435	2.3620484
301	232544.95	0.00066199326	391.24564	2.3803626
302	230581.98	0.0007255812	394.19528	2.3985438
303	228586.14	0.00079595439	397.19486	2.416607
304	226560.28	0.00087376218	400.24015	2.434516
305	224503.18	0.0009598788	403.33299	2.4522821
306	222413.46	0.0010552988	406.4755	2.4699125
307	220293.46	0.0011609539	409.66418	2.4873778
308	218142.22	0.0012780415	412.90051	2.5046727
309	215958.32	0.0014079379	416.18664	2.5218229
310	213744.51	0.0015519188	419.51848	2.5387833
311	211499.47	0.0017116621	422.89804	2.555566
312	209222.03	0.0018890522	426.32709	2.5721884
313	206914.71	0.0020858878	429.80189	2.5886058
314	204575.87	0.0023045259	433.32495	2.6048363
315	202204.9	0.0025475261	436.8972	2.6208655
316	199804.11	0.0028174193	440.5152	2.6366931
317	197372.11	0.0031174395	444.18107	2.6523026
318	194907.95	0.0034511782	447.89629	2.6676964
319	192414.33	0.0038221109	451.6568	2.6828668
320	189889.52	0.0042347692	455.46527	2.697788
321	187332.81	0.0046940878	459.32277	2.712472
322	184747.04	0.0052048877	463.22507	2.7268948
323	182130.4	0.0057734437	467.17496	2.7410396
324	179482.13	0.0064066017	471.17358	2.7549092
325	176804.89	0.0071111152	475.21695	2.7684709
326	174097.73	0.0078954203	479.30658	2.7817029
327	171359.22	0.008769153	483.44463	2.7945965
328	168592.16	0.0097412214	487.5	2.8074775
329	165796.11	0.010829098	487.5	2.8317841
330	162969.06	0.012052955	487.5	2.8558423
331	160114.78	0.013429357	487.5	2.8795694
332	157232.21	0.014979436	487.5	2.902907
333	154319.91	0.016729601	485.94373	2.9304905
334	151382.05	0.018717206	481.49606	2.9664819
335	148417.27	0.020985364	477.00635	3.0023554
336	145424.97	0.023580013	472.4737	3.0380267
337	142408.9	0.026551125	467.90372	3.073311
338	139369.13	0.029960848	463.29651	3.1080714
339	136304.51	0.033884508	458.65029	3.1421328
340	133220.08	0.038402526	453.97265	3.1752287
341	130115.64	0.043617041	449.26328	3.2071393
342	126991.58	0.049648657	444.52276	3.2375399
343	123853.39	0.056628915	439.75935	3.2660474
344	120702.1	0.064721932	434.97464	3.2922558
345	117538.47	0.074123437	430.16975	3.3156674
346	114369.66	0.085042931	425.35552	3.3356998
347	111198	0.097740288	420.53552	3.3517383
348	108025.92	0.11252084	415.71342	3.3630571
349	104862.73	0.12969951	411.54406	3.368414
350	101708.73	0.14958496	409.83067	3.3574483
351	98572.535	0.17249008	408.12643	3.3360518
352	95461.855	0.19879767	406.43555	3.3061491
353	92387.846	0.22887715	404.76412	3.2668322
354	89358.465	0.26313029	403.11647	3.2172653
355	86381.733	0.30195734	401.49699	3.1567308
356	83470.948	0.34565784	399.91294	3.0849218
357	80634.902	0.39453002	398.36915	3.0018095
358	77881.799	0.44880989	396.8701	2.9081629
359	75223.518	0.50854794	395.42231	2.8051174
360	72666.716	0.57376054	394.02944	2.6941097
361	70216.281	0.64437093	392.6942	2.5768911
362	67878.669	0.72009802	391.42014	2.4556502
363	65656.819	0.8006063	390.3	2.3316472
364	63547.884	0.88545964	390.3	2.2054266
365	61553.616	0.97397522	390.3	2.0818617
366	59669.97	1.0657099	390.3	1.9624381
367	57891.938	1.1602317	390.3	1.8482214
368	56216.384	1.2569822	390.3	1.7393104
369	54637.593	1.3555322	390.3	1.6361259
370	53149.686	1.455486	390.3	1.5391335
371	51747.38	1.556441	390.3	1.4484472
372	50430.827	1.6576003	390.3	1.3638298
373	49183.307	1.7595282	390.3	1.2870862
374	48002.429	1.8617915	390.3	1.2180432
375	46882.181	1.964304	390.3	1.1560579
376	45816.766	2.0670421	390.3	1.0961957
377	44805.714	2.1695131	390.3	1.0396204
378	43837.284	2.2724344	390.3	1.0029062
379	42898.327	2.3768927	390.3	0.97454411
380	41982.109	2.4834579	390.3	0.95205082
381	41084.263	2.5925297	390.3	0.93385574
382	40201.069	2.7045039	390.3	0.91886465
383	39360.255	2.8156051	390.3	0.84219229
384	38704.197	2.9054605	390.3	0.68530779
385	38275.343	2.9657447	390.3	0.60694564
386	37900.354	3.0194835	390.3	0.55268113
387	37549.994	3.0705741	390.3	0.50819625
388	37223.527	3.1189599	390.3	0.47270152
389	36924.88	3.1638913	390.3	0.44651773
390	36637.942	3.2076718	390.3	0.42394118
391	36362.227	3.2503117	390.3	0.40477402
392	36101.997	3.2910854	390.47698	0.3898556
393	35849.031	3.3311399	391.376	0.37647056
394	35602.509	3.370554	392.25213	0.36476997
395	35364.584	3.4089515	393.09773	0.35519756
396	35131.766	3.446868	393.92519	0.34682847
397	34902.893	3.484475	394.73866	0.33936186
398	34679.26	3.5215419	395.53351	0.33300752
399	34459.319	3.5583086	396.31526	0.32743504
400	34241.982	3.5949455	397.08778	0.32237504
401	34028.004	3.6313145	397.84836	0.3179159
402	33816.763	3.667511	398.59924	0.31397416
403	33607.291	3.7036928	399.34384	0.31033227
404	33399.922	3.7397965	400.08098	0.30702009
405	33195.066	3.7757424	400.8092	0.30406044
406	32991.503	3.8117389	401.53284	0.30128457
407	32789.246	3.8477798	402.25185	0.29869402
408	32588.979	3.8837383	402.96381	0.29633832
409	32389.821	3.9197677	403.67183	0.2940952
410	32191.755	3.9558681	404.37598	0.2919612
411	31995.358	3.9919304	405.07421	0.28998505
412	31799.851	4.0280939	405.76929	0.28808602
413	31605.177	4.0643671	406.46143	0.2862549
414	31411.923	4.1006374	407.14852	0.2845143
415	31219.625	4.136989	407.83224	0.28283302
416	31028.058	4.1734619	408.51336	0.28119726
417	30837.471	4.2100067	409.19101	0.27961986
418	30647.939	4.2466066	409.86492	0.27808295
419	30459.133	4.2833228	410.53627	0.2765777
420	30271.246	4.3201156	411.20436	0.2751157
421	30084.24	4.3569901	411.86932	0.27368485
422	29897.89	4.3939892	412.53197	0.2722759
423	29712.36	4.4310783	413.19171	0.27089275
424	29527.86	4.4682134	413.8478	0.26954397
425	29343.918	4.5054872	414.50192	0.26821028
426	29160.543	4.5428969	415.15404	0.26689067
427	28978.354	4.5803141	415.80195	0.26559534
428	28796.749	4.61786	416.44779	0.26431742
429	28615.717	4.6555356	417.0916	0.26305621
430	28435.577	4.6932729	417.73226	0.26181037
431	28256.118	4.7311142	418.3705	0.26057583
432	28077.257	4.7690754	419.00663	0.25935249
433	27899.272	4.807096	419.63965	0.25814979
434	27721.892	4.8452315	420.27053	0.25695844
435	27545.046	4.8834967	420.89953	0.25577686
436	27369.081	4.9218142	421.5254	0.25460931
437	27193.841	4.960216	422.1487	0.25345459
438	27019.091	4.9987526	422.77027	0.25230936
439	26844.95	5.0373961	423.38968	0.2511758
440	26671.68	5.0760868	424.00601	0.25005104
441	26498.945	5.1148979	424.62044	0.24893732
442	26326.82	5.1538112	425.23272	0.24783879
443	26155.413	5.1928005	425.84244	0.24674832
444	25984.549	5.2319046	426.45025	0.24566694
445	25814.265	5.2711133	427.05601	0.24459559
446	25644.866	5.3103547	427.65862	0.24353342
447	25475.897	5.3497325	428.25972	0.24248017
448	25307.368	5.3892435	428.85926	0.24143558
449	25139.756	5.4287742	429.45555	0.24040026
450	24972.672	5.4684144	430.04997	0.23937513
451	24806.045	5.5081799	430.64277	0.23835913
452	24640.082	5.5480199	431.23322	0.23735637
453	24474.77	5.587936	431.82136	0.23636065
454	24309.945	5.6279663	432.40778	0.23537064
455	24145.768	5.6680703	432.9919	0.23438793
456	23982.162	5.7082654	433.574	0.23341697
457	23819.01	5.7485794	434.1545	0.2324531
458	23656.494	5.7889653	434.73274	0.23149626
459	23494.675	5.8294069	435.30851	0.23054704
460	23333.249	5.8699785	435.88289	0.22960548
461	23172.251	5.9106705	436.45576	0.22867367
462	22606.408	6.0555081	438.46922	0.6119441
463	22174.36	6.1680274	440.00667	0.61373556
464	21742.973	6.2820628	441.54183	0.60213159
465	21331.408	6.3924478	443.00651	0.5632751
466	20945.434	6.4973956	444.38017	0.52968993
467	20579.795	6.5981004	445.68151	0.50141013
468	20232.538	6.694912	446.91746	0.47738199
469	19899.8	6.7887552	448.10178	0.4601461
470	19577.253	6.880741	449.24986	0.4469619
471	19262.751	6.9714042	450.36934	0.43522537
472	18955.957	7.060778	451.46141	0.4247323
473	18657.451	7.1486283	452.52402	0.40818186
474	18373.205	7.2331044	453.53588	0.38708601
475	18102.483	7.3143136	454.49963	0.36956303
476	17843.05	7.3928295	455.42322	0.35487557
477	17593.274	7.4690683	456.31245	0.34247103
478	17350.508	7.5437778	457.17674	0.33190331
479	17115.47	7.6166863	458.01354	0.32286144
480	16886.322	7.6883174	458.82939	0.31508594
481	16662.116	7.7589325	459.62766	0.30832809
482	16441.999	7.8287712	460.41139	0.30245022
483	16225.459	7.8979718	461.1824	0.29729776
484	16013.214	7.9662816	461.93813	0.29277383
485	15802.675	8.0345154	462.6878	0.28875463
486	15594.821	8.1023436	463.42793	0.285172
487	15390.282	8.1695435	464.15626	0.28197113
488	15186.716	8.2368724	464.88115	0.27909479
489	14984.964	8.3040454	465.59959	0.27648472
490	14785.421	8.3709196	466.31018	0.27395361
491	14590.21	8.4367646	467.00535	0.26033173
492	14408.208	8.4985326	467.6535	0.24133572
493	14237.377	8.5568431	468.26187	0.22720172
494	14076.557	8.6120328	468.83461	0.21645548
495	13922.131	8.6653001	469.38457	0.20818377
496	13772.506	8.7171662	469.91745	0.20171594
497	13627.616	8.7676309	470.43348	0.1966157
498	13485.732	8.8172783	470.9388	0.19254195
499	13345.919	8.8664242	471.43675	0.1892632
500	13209.217	8.9146915	471.92364	0.18659354
501	13073.52	8.9628148	472.40694	0.18440367
502	12939.256	9.0106373	472.88516	0.18257833
503	12806.532	9.0581145	473.35788	0.181051
504	12674.62	9.1055025	473.82773	0.17974763
505	12543.33	9.152867	474.29537	0.17862855
506	12413.173	9.2000197	474.75897	0.177651
507	12282.735	9.2474724	475.22358	0.17678483
508	12153.538	9.2946691	475.68378	0.1760097
509	12024.814	9.3418872	476.1423	0.17530536
510	11895.902	9.3893696	476.60149	0.17465218
511	11768.173	9.4366092	477.05648	0.17405178
512	11640.267	9.4841079	477.5121	0.17348436
513	11513.538	9.5313604	477.96353	0.17294678
514	11386.453	9.578938	478.41625	0.17243744
515	11259.895	9.6265092	478.86708	0.17193771
516	11133.172	9.674335	479.31851	0.17146687
517	11007.448	9.7219738	479.76639	0.17099714
518	10881.536	9.7698749	480.21494	0.17053903
519	10755.813	9.8178954	480.66282	0.17009557
520	10630.901	9.8657956	481.10782	0.16965504
521	10505.177	9.9141984	481.55572	0.1692243
522	10380.454	9.9624067	482.00006	0.16879462
523	10256.542	10.01049	482.44151	0.16836679
524	10131.817	10.059078	482.88586	0.167955
525	10008.082	10.10747	483.3267	0.16753644
526	9884.4302	10.156019	483.76724	0.16632204
527	9761.676	10.204402	484.20459	0.16585903
528	9639.912	10.252579	484.63841	0.16541557
529	9517.1762	10.301328	485.07571	0.16498117
530	9393.4525	10.350659	485.51653	0.17378614
531	9258.8101	10.404562	485.99625	0.18910019
532	9113.2291	10.463101	486.51496	0.20333321
533	8958.567	10.525583	487.06603	0.21425249
534	8797.0534	10.591157	487.64153	0.21265765
535	8650.0067	10.651146	488.16548	0.179682
536	8529.199	10.700636	488.59595	0.14986392
537	8425.0623	10.743447	488.96701	0.13216188
538	8331.1934	10.782156	489.30149	0.12090807
539	8244.3488	10.818069	489.61095	0.11343957
540	8161.7065	10.852334	489.90543	0.10833509
541	8083.0244	10.885039	490.18581	0.10476472
542	8006.1178	10.917084	490.45986	0.10221864
543	7930.7018	10.948581	490.7286	0.098077481
544	7865.094	10.976043	490.96239	0.078989974
545	7810.6565	10.998871	491.15638	0.067895492
546	7762.4612	11.019114	491.32812	0.061127969
547	7719.4711	11.037196	491.48132	0.05608285
548	7678.5171	11.054444	491.62726	0.053970433
549	7639.489	11.070901	491.76634	0.051679094
550	7600.8445	11.087216	491.90405	0.050460474
551	7564.0397	11.102773	492.0352	0.049884111
552	7526.5237	11.118648	492.1689	0.048702874
553	7491.3631	11.133544	492.29419	0.046139187
554	7458.0119	11.147688	492.41304	0.041890579
555	7428.9753	11.160014	492.51652	0.036992158
556	7402.8714	11.171104	492.60954	0.032694329
557	7379.8867	11.180877	492.69145	0.028619659
558	7359.9502	11.189359	492.7625	0.025573131
559	7341.4826	11.197221	492.82831	0.0227825
560	7325.3853	11.204078	492.88568	0.021169491
561	7309.8973	11.210678	492.94087	0.0203424
562	7294.6704	11.21717	492.99513	0.01992623
563	7279.8216	11.223504	493.04805	0.019700266
564	7265.9931	11.229405	493.09733	0.019604583
565	7251.1646	11.235736	493.15017	0.01953478
566	7236.3158	11.242078	493.20309	0.019512253
567	7221.4872	11.248415	493.25594	0.019486834
568	7207.639	11.254335	493.30529	0.019476689
569	7192.8105	11.260677	493.35813	0.019466477
570	7177.982	11.267022	493.41097	0.019465352
571	7164.1328	11.272951	493.46033	0.019455293
572	7149.3043	11.279302	493.51317	0.019446478
573	7134.4758	11.285655	493.56602	0.019444042
574	7119.9413	11.291886	493.61782	0.019443022
575	7105.7994	11.29795	493.66821	0.019432863
576	7090.9502	11.304321	493.72113	0.019431821
577	7076.1217	11.310686	493.77398	0.019421616
578	7062.2932	11.316625	493.82326	0.019420647
579	7047.4444	11.323004	493.87618	0.019410442
580	7032.6158	11.329378	493.92902	0.019409404
581	7018.7884	11.335324	493.9783	0.019399272
582	7003.9391	11.341712	494.03122	0.019398233
583	6989.1107	11.348094	494.08406	0.01938854
584	6975.2642	11.354056	494.13341	0.019387065
585	6960.4329	11.360445	494.18626	0.019386028
586	6945.6054	11.366835	494.23911	0.019375831
587	6931.7566	11.372806	494.28846	0.019374863
588	6916.9281	11.379203	494.34131	0.019364667
589	6902.6494	11.385365	494.39219	0.019363671
590	6888.2503	11.391581	494.44351	0.019353507
591	6873.4219	11.397986	494.49635	0.019352472
592	6859.361	11.404062	494.54646	0.019342334
593	6844.7455	11.410381	494.59855	0.019341315
594	6829.917	11.416794	494.6514	0.019331125
595	6816.0678	11.422787	494.70075	0.01933016
596	6801.2393	11.429206	494.7536	0.019319972
597	6786.6162	11.435539	494.80571	0.019318954
598	6772.5625	11.441628	494.8558	0.019311396
599	6757.7339	11.448056	494.90865	0.01930779
600	6743.8852	11.454062	494.958	0.019306827
601	6729.0567	11.460495	495.01085	0.019296643
602	6714.2282	11.466932	495.06369	0.019295613
603	6700.3794	11.472945	495.11305	0.019285498
604	6685.5508	11.479387	495.1659	0.019284469
605	6671.7222	11.485398	495.21518	0.019274357
606	6656.8741	11.491854	495.2681	0.019273327
607	6642.0685	11.498295	495.32086	0.01926315
608	6628.1964	11.504332	495.3703	0.019262188
609	6613.3679	11.510788	495.42315	0.019252011
610	6599.5394	11.516812	495.47243	0.019251053
611	6584.6911	11.523283	495.52535	0.019244038
612	6570.8631	11.529311	495.57463	0.019239919
613	6556.0346	11.535779	495.62748	0.019238894
614	6541.1853	11.542259	495.6804	0.019228719
615	6527.3568	11.548296	495.72968	0.019227763
616	6512.5079	11.554781	495.7826	0.01921759
617	6498.6793	11.560823	495.83189	0.019216635
618	6483.852	11.567305	495.88473	0.019206465
619	6470.0028	11.573362	495.93409	0.019205509
620	6455.1743	11.579849	495.98694	0.019195341
621	6441.3458	11.585902	496.03622	0.019194387
622	6426.4965	11.592405	496.08914	0.019184219
623	6412.668	11.598463	496.13843	0.019183266
624	6397.8202	11.604971	496.19135	0.01917685
625	6383.4876	11.611256	496.24243	0.019172114
626	6369.1632	11.617539	496.29348	0.019171127
627	6354.314	11.624056	496.3464	0.019160964
628	6340.4855	11.630128	496.39569	0.019160012
629	6325.6536	11.636643	496.44855	0.019149852
630	6311.8091	11.642727	496.49789	0.0191489
631	6296.9806	11.649247	496.55074	0.019138741
632	6283.1314	11.655338	496.6001	0.01913779
633	6268.3029	11.661863	496.65295	0.019127633
634	6254.4744	11.667951	496.70223	0.019126684
635	6239.6261	11.67449	496.75515	0.019116527
636	6225.7975	11.680584	496.80444	0.019115579
637	6210.9581	11.687125	496.85732	0.019109802
638	6197.1203	11.693228	496.90664	0.019104476
639	6182.2918	11.69977	496.95949	0.019103461
640	6168.443	11.705883	497.00885	0.019093376
641	6153.6144	11.712431	497.0617	0.019092361
642	6139.7858	11.71854	497.11099	0.01908228
643	6125.9066	11.724674	497.16045	0.019081331
644	6111.1093	11.731217	497.21319	0.019071185
645	6097.2808	11.737334	497.26248	0.01907024
646	6082.4315	11.743906	497.3154	0.019060092
647	6068.603	11.750028	497.36469	0.019059148
648	6053.7547	11.756605	497.41761	0.019049002
649	6039.9261	11.762733	497.46689	0.019048059
650	6025.0982	11.769307	497.51974	0.01904293
651	6011.249	11.775449	497.5691	0.019036972
652	5996.4205	11.782029	497.62195	0.019035961
653	5982.588	11.788169	497.67125	0.019025888
654	5968.7429	11.794318	497.7206	0.019024945
655	5953.9143	11.800906	497.77345	0.019014807
656	5940.0664	11.807061	497.8228	0.019013864
657	5925.2379	11.813655	497.87566	0.019003727
658	5911.4094	11.819807	497.92494	0.019002787
659	5896.5602	11.826416	497.97787	0.01899265
660	5882.7317	11.832574	498.02715	0.01899171
661	5868.8925	11.838738	498.07648	0.018985716
662	5854.0553	11.845351	498.12936	0.018980637
663	5840.2268	11.851516	498.17865	0.018979698
664	5825.3776	11.858139	498.23157	0.018969565
665	5811.5491	11.86431	498.28086	0.018968627
666	5797.7206	11.870484	498.33015	0.018958565
667	5782.8728	11.877115	498.38307	0.018957559
668	5769.0442	11.883294	498.43235	0.018947499
669	5754.1969	11.889931	498.48527	0.018946493
670	5740.3665	11.896116	498.53457	0.018936435
671	5726.538	11.902303	498.58386	0.018935499
672	5711.6897	11.908949	498.63678	0.018928519
673	5697.8611	11.915141	498.68607	0.018924438
674	5683.5487	11.921553	498.73708	0.01892347
675	5669.184	11.927991	498.78828	0.01891338
676	5655.3555	11.934191	498.83756	0.018912445
677	5640.5066	11.940852	498.89049	0.018902324
678	5626.678	11.947058	498.93978	0.01890139
679	5612.8493	11.953266	498.98907	0.018891339
680	5598.0014	11.959935	499.04199	0.018890337
681	5584.1728	11.966149	499.09128	0.018889405
682	5570.3444	11.972366	499.14056	0.018879356
683	5555.4952	11.979044	499.19349	0.018878355
684	5541.6667	11.985266	499.24278	0.018868308
685	5527.8182	11.991499	499.29214	0.018867375
686	5512.9896	11.998177	499.34499	0.018857263
687	5499.1399	12.004416	499.39436	0.018856331
688	5484.971	12.010802	499.44486	0.018855377
689	5470.8021	12.017191	499.49536	0.018854424
690	5456.6332	12.023583	499.54586	0.018853471
691	5442.4643	12.029977	499.59637	0.018852518
692	5428.2953	12.036374	499.64687	0.018851565
693	5414.1264	12.042774	499.69737	0.018850613
694	5400	12.049157	499.74772	0.018849663
