;LAP Aft Skirt Orifice Flow Mdot (lbm/s)
#I=0,692,1; vent_c1d2_las.vsm  @ Fri Jan 16 14:19:56 1998
0	0	0	0	0	0	0	0	0	0	0	0
1	-0.13128	-0.13128	-0.13472	-0.12571	-0.13571	-0.1264	-0.1264	-0.13489	-0.1249	-0.13393	0.0016667
2	-0.13391	-0.13391	-0.14054	-0.12281	-0.14242	-0.12422	-0.12422	-0.14087	-0.12115	-0.13903	0.0053749
3	-0.13718	-0.13718	-0.14675	-0.12069	-0.14944	-0.12283	-0.12283	-0.14722	-0.11816	-0.14459	0.010274
4	-0.14093	-0.14093	-0.15319	-0.11925	-0.15659	-0.12211	-0.12211	-0.15378	-0.11584	-0.15043	0.01611
5	-0.14505	-0.14505	-0.15975	-0.11842	-0.16381	-0.122	-0.122	-0.16046	-0.11414	-0.15646	0.022742
6	-0.14939	-0.14939	-0.16633	-0.11808	-0.17097	-0.12235	-0.12235	-0.16714	-0.11294	-0.16255	0.030249
7	-0.15392	-0.15392	-0.17291	-0.11822	-0.17808	-0.12315	-0.12315	-0.17381	-0.11223	-0.16869	0.038486
8	-0.15859	-0.15859	-0.17945	-0.11879	-0.18512	-0.12435	-0.12435	-0.18044	-0.11199	-0.17483	0.047413
9	-0.16337	-0.16337	-0.18595	-0.11975	-0.19206	-0.12592	-0.12592	-0.18702	-0.1122	-0.18095	0.057001
10	-0.16823	-0.16823	-0.19238	-0.12108	-0.1989	-0.1278	-0.1278	-0.19352	-0.1128	-0.18705	0.067228
11	-0.17314	-0.17314	-0.19875	-0.12275	-0.20564	-0.12998	-0.12998	-0.19995	-0.11379	-0.1931	0.078035
12	-0.17809	-0.17809	-0.20503	-0.1247	-0.21227	-0.13241	-0.13241	-0.2063	-0.11513	-0.1991	0.089437
13	-0.18305	-0.18305	-0.21123	-0.12692	-0.21879	-0.13506	-0.13506	-0.21255	-0.11678	-0.20503	0.10142
14	-0.18801	-0.18801	-0.21733	-0.12936	-0.22519	-0.1379	-0.1379	-0.2187	-0.11871	-0.21088	0.11399
15	-0.19295	-0.19295	-0.22333	-0.132	-0.23147	-0.1409	-0.1409	-0.22475	-0.12088	-0.21665	0.12712
16	-0.1979	-0.1979	-0.22925	-0.13484	-0.23765	-0.14406	-0.14406	-0.23072	-0.1233	-0.22236	0.14073
17	-0.18214	-0.18214	-0.21751	-0.10502	-0.22682	-0.11724	-0.11724	-0.21914	-0.088797	-0.20982	0.087744
18	-0.16883	-0.16883	-0.20828	-0.07209	-0.21849	-0.089749	-0.089749	-0.21007	-0.043443	-0.19981	0.043491
19	-0.16487	-0.16487	-0.20687	-0.052138	-0.21764	-0.075619	-0.075619	-0.20877	0.027393	-0.19791	0.010776
20	-0.16434	-0.16434	-0.20822	-0.037377	-0.21941	-0.067363	-0.067363	-0.21019	0.047159	-0.19889	-0.007366
21	-0.35137	-0.35137	-0.39544	-0.2794	-0.40614	-0.29539	-0.29539	-0.40028	-0.2716	-0.38967	-0.0047135
22	-0.35773	-0.35773	-0.42066	-0.25166	-0.43499	-0.27999	-0.27999	-0.42865	-0.24162	-0.41438	0.00023063
23	-0.36321	-0.36321	-0.44324	-0.22053	-0.46074	-0.26343	-0.26343	-0.45397	-0.20748	-0.4365	0.0045981
24	-0.37075	-0.37075	-0.46587	-0.19005	-0.48608	-0.24982	-0.24982	-0.47895	-0.173	-0.45873	0.011595
25	-0.37984	-0.37984	-0.48822	-0.15971	-0.51079	-0.23904	-0.23904	-0.50335	-0.13685	-0.48075	0.02035
26	-0.39026	-0.39026	-0.51024	-0.1293	-0.53486	-0.23132	-0.23132	-0.52715	-0.096812	-0.50249	0.030437
27	-0.40217	-0.40217	-0.53216	-0.099812	-0.55855	-0.22744	-0.22744	-0.55061	-0.045522	-0.52417	0.041601
28	-0.41766	-0.41766	-0.55565	-0.08442	-0.58348	-0.23168	-0.23168	-0.57538	0.03567	-0.5475	0.053429
29	-0.43111	-0.43111	-0.57658	-0.060446	-0.60574	-0.23408	-0.23408	-0.59749	0.072171	-0.56826	0.066295
30	-0.44353	-0.44353	-0.59583	-0.016975	-0.62621	-0.23626	-0.23626	-0.61781	0.094967	-0.58736	0.080051
31	-0.4569	-0.4569	-0.61496	0.034601	-0.64638	-0.2419	-0.2419	-0.63786	0.10467	-0.60637	0.094241
32	-0.46808	-0.46808	-0.6317	0.060875	-0.66412	-0.24491	-0.24491	-0.65548	0.11788	-0.62298	0.10932
33	-0.47795	-0.47795	-0.64677	0.080888	-0.68011	-0.24684	-0.24684	-0.67136	0.13089	-0.63794	0.12514
34	-0.48572	-0.48572	-0.65966	0.10281	-0.69389	-0.24598	-0.24598	-0.68502	0.14671	-0.6507	0.13139
35	-0.49226	-0.49226	-0.67106	0.12266	-0.70612	-0.24384	-0.24384	-0.69714	0.16225	-0.66198	0.13782
36	-0.49804	-0.49804	-0.68134	0.13982	-0.71717	-0.24127	-0.24127	-0.70809	0.1764	-0.67217	0.14417
37	-0.50317	-0.50317	-0.69063	0.15494	-0.72716	-0.23843	-0.23843	-0.71799	0.18928	-0.68135	0.15059
38	-0.50772	-0.50772	-0.69899	0.16842	-0.73616	-0.23541	-0.23541	-0.72691	0.20099	-0.68963	0.15708
39	-0.51174	-0.51174	-0.7065	0.18049	-0.74424	-0.23229	-0.23229	-0.73492	0.21164	-0.69707	0.16361
40	-0.51529	-0.51529	-0.7132	0.19135	-0.75146	-0.22915	-0.22915	-0.74208	0.22131	-0.7037	0.17017
41	-0.51879	-0.51879	-0.71942	0.20003	-0.75811	-0.22697	-0.22697	-0.74869	0.22912	-0.70987	0.17293
42	-0.52205	-0.52205	-0.72502	0.20727	-0.76408	-0.22536	-0.22536	-0.75462	0.23568	-0.71543	0.17552
43	-0.52493	-0.52493	-0.7299	0.21363	-0.76927	-0.22393	-0.22393	-0.75979	0.24145	-0.72029	0.17797
44	-0.5274	-0.5274	-0.73408	0.2192	-0.77371	-0.22268	-0.22268	-0.76421	0.24649	-0.72445	0.18028
45	-0.5295	-0.5295	-0.73757	0.22404	-0.77739	-0.22162	-0.22162	-0.7679	0.25085	-0.72793	0.18244
46	-0.53085	-0.53085	-0.74012	0.22905	-0.78011	-0.21986	-0.21986	-0.77062	0.25534	-0.73049	0.17977
47	-0.53163	-0.53163	-0.74188	0.23387	-0.78198	-0.21777	-0.21777	-0.7725	0.25963	-0.73226	0.17721
48	-0.53203	-0.53203	-0.74298	0.23811	-0.78313	-0.21578	-0.21578	-0.77368	0.26337	-0.73337	0.17469
49	-0.53205	-0.53205	-0.74342	0.24175	-0.78359	-0.21394	-0.21394	-0.77417	0.26655	-0.73385	0.1722
50	-0.53171	-0.53171	-0.74324	0.24482	-0.78336	-0.21225	-0.21225	-0.77398	0.26918	-0.7337	0.16973
51	-0.53111	-0.53111	-0.74249	0.24706	-0.78251	-0.21097	-0.21097	-0.77319	0.27107	-0.733	0.16653
52	-0.5302	-0.5302	-0.74114	0.24864	-0.78102	-0.20998	-0.20998	-0.77176	0.27233	-0.73171	0.16338
53	-0.52892	-0.52892	-0.73916	0.2497	-0.77884	-0.20913	-0.20913	-0.76965	0.2731	-0.7298	0.16031
54	-0.57013	-0.57013	-0.77029	0.27412	-0.82179	-0.17657	-0.17657	-0.81851	0.29698	-0.77745	0.15993
55	-0.60039	-0.60039	-0.79329	0.30526	-0.85471	-0.11758	-0.11758	-0.85619	0.3267	-0.81407	0.16082
56	-0.62834	-0.62834	-0.81414	0.3265	-0.88356	-0.026438	-0.026438	-0.88897	0.34742	-0.84621	0.16036
57	-0.60985	-0.60985	-0.78931	0.30587	-0.85568	0.0042687	0.0042687	-0.85969	0.32692	-0.81865	0.1554
58	-0.59229	-0.59229	-0.76525	0.28278	-0.82853	-0.018446	-0.018446	-0.83116	0.30429	-0.79186	0.15038
59	-0.57542	-0.57542	-0.74178	0.2573	-0.80195	-0.037486	-0.037486	-0.80321	0.27967	-0.76566	0.14603
60	-0.55966	-0.55966	-0.71918	0.22742	-0.7762	-0.060405	-0.060405	-0.77611	0.25142	-0.74035	0.14749
61	-0.5442	-0.5442	-0.69686	0.19397	-0.75074	-0.077825	-0.077825	-0.74932	0.22058	-0.71534	0.15129
62	-0.52872	-0.52872	-0.6746	0.15622	-0.72537	-0.090675	-0.090675	-0.72264	0.18708	-0.69043	0.15494
63	-0.51299	-0.51299	-0.65221	0.11119	-0.69993	-0.099483	-0.099483	-0.69591	0.15007	-0.66545	0.1585
64	-0.49644	-0.49644	-0.62927	0.046791	-0.67402	-0.1025	-0.1025	-0.66872	0.10902	-0.63997	0.16212
65	-0.47736	-0.47736	-0.60446	-0.059182	-0.64643	-0.091926	-0.091926	-0.63986	0.070316	-0.61269	0.16631
66	-0.45855	-0.45855	-0.57991	-0.092315	-0.61911	-0.082033	-0.082033	-0.61128	-0.038215	-0.5857	0.17038
67	-0.44206	-0.44206	-0.55717	-0.12299	-0.59349	-0.085212	-0.085212	-0.58446	-0.093862	-0.56054	0.18132
68	-0.42818	-0.42818	-0.53645	-0.15287	-0.56979	-0.10053	-0.10053	-0.55961	-0.13326	-0.53745	0.19114
69	-0.4156	-0.4156	-0.5168	-0.17854	-0.54712	-0.11785	-0.11785	-0.53587	-0.1641	-0.51549	0.20013
70	-0.40393	-0.40393	-0.49793	-0.20049	-0.52524	-0.13475	-0.13475	-0.51301	-0.1894	-0.49443	0.20833
71	-0.39294	-0.39294	-0.4797	-0.21928	-0.50404	-0.15052	-0.15052	-0.49091	-0.21057	-0.47414	0.21553
72	-0.38245	-0.38245	-0.462	-0.23523	-0.48342	-0.16483	-0.16483	-0.4695	-0.2283	-0.4545	0.2219
73	-0.37226	-0.37226	-0.44469	-0.24855	-0.46329	-0.17755	-0.17755	-0.44868	-0.24302	-0.43544	0.22741
74	-0.36225	-0.36225	-0.4277	-0.25941	-0.44357	-0.18862	-0.18862	-0.4284	-0.255	-0.41687	0.23203
75	-0.35226	-0.35226	-0.41093	-0.26795	-0.4242	-0.19805	-0.19805	-0.4086	-0.26445	-0.39872	0.23571
76	-0.29957	-0.29957	-0.36097	-0.194	-0.37557	-0.10399	-0.10399	-0.35974	-0.18965	-0.34855	0.22998
77	-0.27584	-0.27584	-0.33491	-0.15794	-0.3499	-0.061262	-0.061262	-0.33498	-0.15323	-0.32323	0.2225
78	-0.26364	-0.26364	-0.31818	-0.14035	-0.33313	-0.06103	-0.06103	-0.31958	-0.13575	-0.30762	0.21627
79	-0.25415	-0.25415	-0.30377	-0.12763	-0.31856	-0.070948	-0.070948	-0.30642	-0.12328	-0.29438	0.2092
80	-0.2455	-0.2455	-0.29021	-0.11661	-0.30478	-0.081028	-0.081028	-0.29405	-0.11257	-0.28198	0.20188
81	-0.23732	-0.23732	-0.27723	-0.10675	-0.29154	-0.090039	-0.090039	-0.28217	-0.10307	-0.27013	0.19424
82	-0.22948	-0.22948	-0.26472	-0.097924	-0.27873	-0.097884	-0.097884	-0.27069	-0.094623	-0.25871	0.1865
83	-0.22189	-0.22189	-0.25262	-0.09007	-0.26629	-0.10461	-0.10461	-0.25951	-0.087188	-0.24767	0.17866
84	-0.21447	-0.21447	-0.24089	-0.083188	-0.25418	-0.11029	-0.11029	-0.2486	-0.080755	-0.23693	0.17075
85	-0.20716	-0.20716	-0.22948	-0.077291	-0.24234	-0.11499	-0.11499	-0.23791	-0.075331	-0.22647	0.16277
86	-0.19992	-0.19992	-0.21836	-0.072414	-0.23076	-0.11876	-0.11876	-0.22739	-0.070941	-0.21624	0.15464
87	-0.19268	-0.19268	-0.2075	-0.068566	-0.21937	-0.12165	-0.12165	-0.21699	-0.067579	-0.2062	0.14644
88	-0.16481	-0.16481	-0.1779	0.090835	-0.18953	-0.19003	-0.19003	-0.20596	0.019948	-0.17655	0.13984
89	-0.14719	-0.14719	-0.15741	0.1269	-0.1681	-0.1942	-0.1942	-0.19018	0.034801	-0.15608	0.13258
90	-0.13589	-0.13589	-0.14255	0.14127	-0.15183	-0.17573	-0.17573	-0.17082	-0.02537	-0.14129	0.12394
91	-0.12771	-0.12771	-0.13057	0.14792	-0.1382	-0.1594	-0.1594	-0.15356	-0.051402	-0.12942	0.11488
92	-0.12226	-0.12226	-0.12133	0.14946	-0.12709	-0.14514	-0.14514	-0.13834	-0.070443	-0.1203	0.10558
93	-0.11842	-0.11842	-0.11391	0.14806	-0.11772	-0.13231	-0.13231	-0.12451	-0.085059	-0.11302	0.096294
94	-0.11549	-0.11549	-0.10777	0.14478	-0.10963	-0.12056	-0.12056	-0.1117	-0.096262	-0.10702	0.087194
95	-0.1059	-0.1059	-0.095219	0.13827	-0.096659	-0.10803	-0.10803	-0.096876	-0.087888	-0.094408	0.079417
96	-0.096624	-0.096624	-0.08315	0.124	-0.085087	-0.099203	-0.099203	-0.085277	-0.073496	-0.082148	0.071676
97	-0.090534	-0.090534	-0.074562	0.10516	-0.076982	-0.093477	-0.093477	-0.077134	-0.062524	-0.073384	0.063789
98	-0.085882	-0.085882	-0.067663	0.082639	-0.070553	-0.089117	-0.089117	-0.070663	-0.053094	-0.066317	0.05614
99	-0.081761	-0.081761	-0.06146	0.054536	-0.064822	-0.085234	-0.085234	-0.064886	-0.043987	-0.059942	0.0489
100	-0.077306	-0.077306	-0.054795	-0.012671	-0.058697	-0.080997	-0.080997	-0.058716	-0.033161	-0.053068	0.04221
101	-0.067917	-0.067917	-0.041352	0.016038	-0.046329	-0.071962	-0.071962	-0.046329	0.016449	-0.039113	0.037806
102	-0.063462	-0.063462	-0.036314	0.026438	-0.041567	-0.067476	-0.067476	-0.041567	0.027225	-0.033942	0.033619
103	-0.060677	-0.060677	-0.034219	0.027101	-0.039398	-0.064546	-0.064546	-0.039398	0.028018	-0.031903	0.029479
104	-0.058304	-0.058304	-0.032891	0.026071	-0.037891	-0.061999	-0.061999	-0.037891	0.027057	-0.030687	0.025559
105	-0.056064	-0.056064	-0.031821	0.024492	-0.036606	-0.059574	-0.059574	-0.036606	0.025516	-0.029746	0.021897
106	-0.053884	-0.053884	-0.030879	0.022609	-0.035429	-0.057204	-0.057204	-0.035429	0.023636	-0.028943	0.018505
107	-0.051738	-0.051738	-0.030027	0.020449	-0.034326	-0.05486	-0.05486	-0.034326	0.021451	-0.028232	0.015382
108	-0.049609	-0.049609	-0.029241	0.017982	-0.033276	-0.052528	-0.052528	-0.033276	0.018927	-0.02759	0.012531
109	-0.044753	-0.044753	-0.023417	0.025359	-0.027882	-0.047669	-0.047669	-0.027882	0.02678	-0.021543	0.010759
110	-0.04091	-0.04091	-0.019403	0.027147	-0.024098	-0.043754	-0.043754	-0.024098	0.028763	-0.017378	0.0093442
111	-0.03837	-0.03837	-0.01822	0.025295	-0.022618	-0.041039	-0.041039	-0.022618	0.026875	-0.016343	0.0079239
112	-0.036236	-0.036236	-0.017939	0.022383	-0.021864	-0.038697	-0.038697	-0.021864	0.023847	-0.016311	0.0065866
113	-0.034231	-0.034231	-0.017882	0.019017	-0.02131	-0.036475	-0.036475	-0.02131	0.020316	-0.016505	0.0053576
114	-0.032266	-0.032266	-0.017834	0.015283	-0.02079	-0.034292	-0.034292	-0.02079	0.016371	-0.016688	0.0042451
115	-0.0303	-0.0303	-0.017708	0.01101	-0.020227	-0.032109	-0.032109	-0.020227	0.011826	-0.016765	0.0032529
116	-0.028276	-0.028276	-0.017404	0.0054361	-0.019532	-0.029874	-0.029874	-0.019532	0.0058511	-0.016637	0.0023852
117	-0.025911	-0.025911	-0.016463	-0.0034807	-0.01829	-0.027321	-0.027321	-0.01829	-0.0034807	-0.015831	0.0016557
118	-0.022442	-0.022442	-0.012735	0.0092653	-0.014704	-0.023829	-0.023829	-0.014704	0.010015	-0.012041	0.0013752
119	-0.020311	-0.020311	-0.010771	0.010462	-0.012758	-0.021641	-0.021641	-0.012758	0.011331	-0.010051	0.001237
120	-0.01896	-0.01896	-0.010344	0.008959	-0.01211	-0.020174	-0.020174	-0.01211	0.0097235	-0.009703	0.0010788
121	-0.017805	-0.017805	-0.010282	0.006567	-0.011779	-0.018889	-0.018889	-0.011779	0.0071368	-0.0097403	0.00092456
122	-0.016654	-0.016654	-0.010189	0.0032106	-0.011435	-0.017607	-0.017607	-0.011435	0.0034937	-0.0097371	0.00078184
123	-0.015278	-0.015278	-0.0096819	-0.0021766	-0.010737	-0.016114	-0.016114	-0.010737	-0.0021766	-0.0092956	0.00065686
124	-0.013998	-0.013998	-0.0093175	-0.0041792	-0.010172	-0.014711	-0.014711	-0.010172	-0.0041792	-0.0089995	0.00054032
125	-0.012904	-0.012904	-0.0092004	-0.0057231	-0.0098481	-0.013483	-0.013483	-0.0098481	-0.0057231	-0.0089538	0.00043092
126	-0.016775	-0.016775	-0.014029	-0.011803	-0.014499	-0.017229	-0.017229	-0.014499	-0.011803	-0.013866	0.00034145
127	-0.012653	-0.012653	-0.009581	-0.0068502	-0.010119	-0.013153	-0.013153	-0.010119	-0.0068502	-0.009392	0.00022523
128	-0.0099626	-0.0099626	-0.0071462	-0.0045054	-0.0076434	-0.010422	-0.010422	-0.0076434	-0.0045054	-0.0069704	9.6599e-005
129	-0.0082104	-0.0082104	-0.0062298	-0.0045916	-0.0065652	-0.0085507	-0.0085507	-0.0065652	-0.0045916	-0.0061129	6.6549e-006
130	-0.0069227	-0.0069227	-0.006038	-0.0054406	-0.0061761	-0.0070909	-0.0070909	-0.0061761	-0.0054406	-0.0059911	-6.2967e-005
131	-0.0057977	-0.0057977	-0.0050918	0.0048139	-0.005503	-0.0057977	-0.0057977	-0.005503	0.0052451	-0.004889	-9.8314e-005
132	-0.0070247	-0.0070247	-0.0020802	0.018568	-0.0055597	-0.0070247	-0.0070247	-0.0055597	0.020188	0.0037753	5.0212e-005
133	-0.0087005	-0.0087005	0.001883	0.02504	-0.0067684	-0.0087005	-0.0087005	-0.0067684	0.027166	0.0065464	0.00031702
134	-0.010088	-0.010088	0.0024897	0.030455	-0.0080423	-0.010088	-0.010088	-0.0080423	0.03297	0.0079774	0.00073008
135	-0.011203	-0.011203	0.0016474	0.035877	-0.0092943	-0.011203	-0.011203	-0.0092943	0.038757	0.0088434	0.0013221
136	-0.012028	-0.012028	-0.0020234	0.041238	-0.010457	-0.012028	-0.012028	-0.010457	0.044529	0.0094025	0.0020809
137	-0.012606	-0.012606	-0.0040302	0.046275	-0.011589	-0.012606	-0.012606	-0.011589	0.050287	0.0095304	0.0027034
138	-0.013182	-0.013182	-0.0060275	0.051239	-0.012696	-0.013182	-0.013182	-0.012696	0.056031	0.0091396	0.0033609
139	-0.013864	-0.013864	-0.0079989	0.056132	-0.013724	-0.013864	-0.013864	-0.013724	0.06176	0.0081303	0.004049
140	-0.014633	-0.014633	-0.009914	0.060956	-0.014631	-0.014633	-0.014633	-0.014631	0.067474	0.0061721	0.0047647
141	-0.015408	-0.015408	-0.012677	0.060802	-0.015408	-0.015408	-0.015408	-0.015408	0.067725	-0.0070417	0.0046303
142	-0.015232	-0.015232	-0.015059	0.041182	-0.015232	-0.015232	-0.015232	-0.015232	0.046206	-0.014175	0.0018189
143	-0.01433	-0.01433	-0.01433	0.032038	-0.01433	-0.01433	-0.01433	-0.01433	0.036205	-0.014096	0.00098547
144	-0.013426	-0.013426	-0.013426	0.029754	-0.013426	-0.013426	-0.013426	-0.013426	0.033861	-0.013203	0.00087005
145	-0.012575	-0.012575	-0.012575	0.02751	-0.012575	-0.012575	-0.012575	-0.012575	0.031523	-0.012377	0.00075799
146	-0.011769	-0.011769	-0.011769	0.025323	-0.011769	-0.011769	-0.011769	-0.011769	0.029191	-0.011605	0.0006505
147	-0.011	-0.011	-0.011	0.02324	-0.011	-0.011	-0.011	-0.011	0.026865	-0.010876	0.00054857
148	-0.010262	-0.010262	-0.010262	0.021174	-0.010262	-0.010262	-0.010262	-0.010262	0.024545	-0.01018	0.00045337
149	-0.0095517	-0.0095517	-0.0095517	0.019125	-0.0095517	-0.0095517	-0.0095517	-0.0095517	0.022231	-0.0095077	0.00036559
150	-0.0088642	-0.0088642	-0.0088642	0.017092	-0.0088642	-0.0088642	-0.0088642	-0.0088642	0.019922	-0.0088494	0.00028585
151	-0.0081973	-0.0081973	-0.0081973	0.015077	-0.0081973	-0.0081973	-0.0081973	-0.0081973	0.017612	-0.0081969	0.00021432
152	-0.0075504	-0.0075504	-0.0075504	0.013056	-0.0075504	-0.0075504	-0.0075504	-0.0075504	0.015253	-0.0075504	0.00015061
153	-0.006918	-0.006918	-0.006918	0.010952	-0.006918	-0.006918	-0.006918	-0.006918	0.012796	-0.006918	9.6486e-005
154	-0.0063027	-0.0063027	-0.0063027	0.0099869	-0.0063027	-0.0063027	-0.0063027	-0.0063027	0.011575	-0.0063027	7.8511e-005
155	-0.0057816	-0.0057816	-0.0057765	0.010647	-0.0057816	-0.0057816	-0.0057816	-0.0057816	0.012163	-0.0057517	0.00010091
156	-0.0053578	-0.0053578	-0.0050883	0.011135	-0.0053578	-0.0053578	-0.0053578	-0.0053578	0.012553	-0.005084	0.0001213
157	-0.0050317	-0.0050317	-0.0040315	0.011632	-0.0049042	-0.0050317	-0.0050317	-0.0050316	0.012926	-0.0042528	0.00014098
158	-0.00481	-0.00481	-0.0022935	0.012131	-0.0042219	-0.0048107	-0.0048107	-0.004728	0.013298	-0.0032232	0.00015929
159	-0.0046532	-0.0046532	0.0022445	0.012629	-0.0033846	-0.0047386	-0.0047386	-0.0044698	0.013669	-0.0020364	0.0001748
160	-0.0045515	-0.0045515	0.0035739	0.013128	-0.0024155	-0.0048058	-0.0048058	-0.004327	0.014039	0.00026652	0.0001873
161	-0.0045425	-0.0045425	0.0043305	0.013629	-0.0011407	-0.0049862	-0.0049862	-0.004329	0.014409	0.0016112	0.00019816
162	-0.0046305	-0.0046305	0.0048685	0.01414	0.001474	-0.0052484	-0.0052484	-0.004465	0.014778	0.0017734	0.00021145
163	-0.0047734	-0.0047734	0.005318	0.014652	0.002251	-0.0055506	-0.0055506	-0.0046756	0.015147	0.0015965	0.00022465
164	-0.0049285	-0.0049285	0.0057439	0.015165	0.0028256	-0.0058648	-0.0058648	-0.0049089	0.015515	0.0012225	0.00023872
165	-0.00508	-0.00508	0.0061657	0.015679	0.0033399	-0.0061817	-0.0061817	-0.0051462	0.015882	0.00049157	0.00025419
166	-0.0051977	-0.0051977	0.0066125	0.016202	0.0038733	-0.0064865	-0.0064865	-0.0053578	0.016248	-0.00076117	0.00026971
167	-0.0053117	-0.0053117	0.0070689	0.016758	0.0043827	-0.0067938	-0.0067938	-0.0055734	0.016615	-0.001216	0.00027711
168	-0.0054306	-0.0054306	0.0075191	0.017318	0.0048621	-0.0071074	-0.0071074	-0.0057998	0.01698	-0.0016119	0.00028437
169	-0.0055544	-0.0055544	0.0079649	0.017882	0.005321	-0.0074268	-0.0074268	-0.006036	0.017345	-0.0019831	0.00029151
170	-0.0056824	-0.0056824	0.0084081	0.018451	0.0057658	-0.0077514	-0.0077514	-0.0062805	0.017709	-0.0023393	0.00029854
171	-0.0058143	-0.0058143	0.0088489	0.019022	0.0062001	-0.0080807	-0.0080807	-0.0065323	0.018073	-0.0026853	0.00030533
172	-0.005952	-0.005952	0.0092839	0.01959	0.0066218	-0.0084146	-0.0084146	-0.0067922	0.01843	-0.0030304	0.00031123
173	-0.0060949	-0.0060949	0.0097169	0.020162	0.0070356	-0.0087525	-0.0087525	-0.007059	0.018776	-0.0033741	0.0003168
174	-0.0062415	-0.0062415	0.010149	0.020738	0.0074447	-0.0090934	-0.0090934	-0.007331	0.019113	-0.0037139	0.0003221
175	-0.0063904	-0.0063904	0.010582	0.021317	0.0078512	-0.0094368	-0.0094368	-0.0076069	0.01944	-0.0040489	0.00032714
176	-0.006541	-0.006541	0.011016	0.021899	0.008256	-0.0097824	-0.0097824	-0.0078859	0.019757	-0.004379	0.00033196
177	-0.0066928	-0.0066928	0.011447	0.022478	0.0086576	-0.01013	-0.01013	-0.0081674	0.020067	-0.0047049	0.00033654
178	-0.0068454	-0.0068454	0.011879	0.02306	0.0090592	-0.010479	-0.010479	-0.0084511	0.020368	-0.005027	0.00034092
179	-0.0069984	-0.0069984	0.012314	0.023646	0.0094615	-0.010829	-0.010829	-0.0087364	0.020661	-0.0053453	0.00034513
180	-0.0071512	-0.0071512	0.012751	0.024235	0.0098652	-0.011181	-0.011181	-0.0090229	0.020946	-0.0056599	0.00034916
181	-0.0073037	-0.0073037	0.013189	0.024827	0.01027	-0.011534	-0.011534	-0.0093105	0.021223	-0.0059711	0.00035304
182	-0.0074561	-0.0074561	0.013627	0.025414	0.010673	-0.011888	-0.011888	-0.0095992	0.021495	-0.0062799	0.00035675
183	-0.0076082	-0.0076082	0.014066	0.026005	0.011078	-0.012243	-0.012243	-0.0098889	0.021759	-0.0065865	0.00036031
184	-0.0077599	-0.0077599	0.014507	0.0266	0.011485	-0.012599	-0.012599	-0.010179	0.022017	-0.0068909	0.00036374
185	-0.0079109	-0.0079109	0.014952	0.027197	0.011894	-0.012956	-0.012956	-0.010471	0.022269	-0.0071932	0.00036704
186	-0.0080611	-0.0080611	0.015398	0.027796	0.012304	-0.013314	-0.013314	-0.010762	0.022515	-0.0074937	0.00037023
187	-0.0082128	-0.0082128	0.015841	0.028391	0.012712	-0.013673	-0.013673	-0.011056	0.022755	-0.007795	0.00037323
188	-0.008366	-0.008366	0.016286	0.028986	0.01312	-0.014033	-0.014033	-0.011351	0.02299	-0.008097	0.00037607
189	-0.0085195	-0.0085195	0.016732	0.029583	0.013529	-0.014394	-0.014394	-0.011647	0.023218	-0.0083987	0.00037877
190	-0.0086728	-0.0086728	0.017181	0.030181	0.01394	-0.014755	-0.014755	-0.011944	0.023441	-0.0086995	0.00038136
191	-0.0088253	-0.0088253	0.017631	0.03078	0.014352	-0.015117	-0.015117	-0.012241	0.02366	-0.008999	0.00038384
192	-0.0089772	-0.0089772	0.018079	0.031373	0.014764	-0.01548	-0.01548	-0.012538	0.023874	-0.0092976	0.00038621
193	-0.0091283	-0.0091283	0.01853	0.031968	0.015177	-0.015843	-0.015843	-0.012836	0.024084	-0.009595	0.00038848
194	-0.0092784	-0.0092784	0.018984	0.032564	0.015593	-0.016206	-0.016206	-0.013133	0.024289	-0.0098913	0.00039066
195	-0.0094272	-0.0094272	0.01944	0.033161	0.016011	-0.01657	-0.01657	-0.013431	0.02449	-0.010186	0.00039277
196	-0.0095748	-0.0095748	0.019897	0.033759	0.016431	-0.016934	-0.016934	-0.013728	0.024686	-0.01048	0.00039481
197	-0.0097214	-0.0097214	0.020354	0.034353	0.01685	-0.017299	-0.017299	-0.014026	0.024881	-0.010773	0.00039675
198	-0.0098672	-0.0098672	0.020812	0.034948	0.017271	-0.017664	-0.017664	-0.014323	0.025071	-0.011065	0.00039862
199	-0.010012	-0.010012	0.021273	0.035544	0.017694	-0.018029	-0.018029	-0.014621	0.025257	-0.011357	0.00040042
200	-0.010155	-0.010155	0.021737	0.036142	0.01812	-0.018396	-0.018396	-0.014919	0.02544	-0.011647	0.00040216
201	-0.010298	-0.010298	0.022202	0.036741	0.018547	-0.018762	-0.018762	-0.015217	0.025619	-0.011937	0.00040384
202	-0.010439	-0.010439	0.022665	0.037335	0.018973	-0.019129	-0.019129	-0.015515	0.025796	-0.012227	0.00040544
203	-0.01058	-0.01058	0.023131	0.037931	0.019402	-0.019497	-0.019497	-0.015813	0.02597	-0.012516	0.00040697
204	-0.01072	-0.01072	0.023599	0.038528	0.019832	-0.019865	-0.019865	-0.016112	0.02614	-0.012804	0.00040845
205	-0.010859	-0.010859	0.024069	0.039127	0.020264	-0.020233	-0.020233	-0.01641	0.026308	-0.013093	0.00040987
206	-0.010997	-0.010997	0.02454	0.039726	0.020698	-0.020603	-0.020603	-0.016709	0.026472	-0.01338	0.00041123
207	-0.011134	-0.011134	0.02501	0.040322	0.02113	-0.020972	-0.020972	-0.017008	0.026635	-0.013668	0.00041253
208	-0.011271	-0.011271	0.025482	0.040919	0.021565	-0.021343	-0.021343	-0.017308	0.026794	-0.013956	0.00041376
209	-0.011407	-0.011407	0.025956	0.041518	0.022001	-0.021714	-0.021714	-0.017608	0.026951	-0.014243	0.00041494
210	-0.011542	-0.011542	0.026432	0.042118	0.022439	-0.022085	-0.022085	-0.017908	0.027105	-0.014531	0.00041608
211	-0.011676	-0.011676	0.026909	0.042719	0.022879	-0.022457	-0.022457	-0.018208	0.027256	-0.014818	0.00041716
212	-0.01181	-0.01181	0.027385	0.043316	0.023317	-0.02283	-0.02283	-0.018508	0.027406	-0.015105	0.00041818
213	-0.011943	-0.011943	0.027862	0.043915	0.023757	-0.023203	-0.023203	-0.018809	0.027553	-0.015392	0.00041914
214	-0.012076	-0.012076	0.028342	0.044515	0.024199	-0.023577	-0.023577	-0.019111	0.027698	-0.015679	0.00042006
215	-0.012208	-0.012208	0.028823	0.045117	0.024642	-0.023952	-0.023952	-0.019412	0.02784	-0.015967	0.00042093
216	-0.012339	-0.012339	0.029305	0.045719	0.025086	-0.024327	-0.024327	-0.019714	0.02798	-0.016254	0.00042176
217	-0.012469	-0.012469	0.029786	0.046318	0.02553	-0.024702	-0.024702	-0.020016	0.028119	-0.016541	0.00042253
218	-0.0126	-0.0126	0.030269	0.046919	0.025975	-0.025078	-0.025078	-0.020319	0.028255	-0.016828	0.00042324
219	-0.012729	-0.012729	0.030754	0.047521	0.026421	-0.025455	-0.025455	-0.020622	0.028388	-0.017116	0.00042392
220	-0.012858	-0.012858	0.03124	0.048125	0.02687	-0.025832	-0.025832	-0.020925	0.02852	-0.017403	0.00042455
221	-0.012986	-0.012986	0.031727	0.048729	0.027319	-0.02621	-0.02621	-0.021228	0.028649	-0.017691	0.00042515
222	-0.013114	-0.013114	0.032213	0.04933	0.027767	-0.026589	-0.026589	-0.021532	0.028778	-0.017979	0.00042569
223	-0.013241	-0.013241	0.0327	0.049933	0.028216	-0.026968	-0.026968	-0.021836	0.028904	-0.018267	0.00042618
224	-0.013368	-0.013368	0.033189	0.050537	0.028668	-0.027348	-0.027348	-0.022141	0.029028	-0.018555	0.00042663
225	-0.013494	-0.013494	0.03368	0.051143	0.02912	-0.027728	-0.027728	-0.022445	0.02915	-0.018843	0.00042705
226	-0.01362	-0.01362	0.034171	0.051749	0.029574	-0.028109	-0.028109	-0.022751	0.02927	-0.019131	0.00042743
227	-0.013745	-0.013745	0.034662	0.052352	0.030026	-0.02849	-0.02849	-0.023056	0.029389	-0.01942	0.00042776
228	-0.013869	-0.013869	0.035154	0.052957	0.03048	-0.028872	-0.028872	-0.023362	0.029506	-0.019709	0.00042805
229	-0.013994	-0.013994	0.035647	0.053563	0.030935	-0.029254	-0.029254	-0.023668	0.029621	-0.019997	0.00042829
230	-0.014117	-0.014117	0.036142	0.054171	0.031392	-0.029637	-0.029637	-0.023975	0.029734	-0.020287	0.00042851
231	-0.01424	-0.01424	0.036638	0.054779	0.03185	-0.030021	-0.030021	-0.024282	0.029846	-0.020576	0.0004287
232	-0.014363	-0.014363	0.037132	0.055384	0.032306	-0.030405	-0.030405	-0.024589	0.029956	-0.020865	0.00042883
233	-0.014486	-0.014486	0.037628	0.055991	0.032764	-0.03079	-0.03079	-0.024896	0.030065	-0.021155	0.00042893
234	-0.014607	-0.014607	0.038126	0.0566	0.033223	-0.031175	-0.031175	-0.025204	0.030172	-0.021445	0.00042899
235	-0.014729	-0.014729	0.038625	0.057209	0.033684	-0.031561	-0.031561	-0.025512	0.030277	-0.021735	0.00042902
236	-0.014849	-0.014849	0.039124	0.05782	0.034145	-0.031947	-0.031947	-0.025821	0.03038	-0.022025	0.00042902
237	-0.01497	-0.01497	0.039623	0.058427	0.034606	-0.032334	-0.032334	-0.02613	0.030483	-0.022316	0.00042898
238	-0.01509	-0.01509	0.040123	0.059037	0.035067	-0.032721	-0.032721	-0.026439	0.030584	-0.022606	0.0004289
239	-0.015209	-0.015209	0.040624	0.059647	0.03553	-0.033109	-0.033109	-0.026748	0.030683	-0.022897	0.00042879
240	-0.015329	-0.015329	0.041126	0.060259	0.035994	-0.033497	-0.033497	-0.027058	0.03078	-0.023188	0.00042865
241	-0.015447	-0.015447	0.04163	0.060871	0.036459	-0.033886	-0.033886	-0.027368	0.030876	-0.02348	0.00042848
242	-0.015565	-0.015565	0.042132	0.061481	0.036923	-0.034275	-0.034275	-0.027679	0.030972	-0.023771	0.00042826
243	-0.015683	-0.015683	0.042636	0.062093	0.037389	-0.034665	-0.034665	-0.02799	0.031065	-0.024063	0.00042801
244	-0.015801	-0.015801	0.04314	0.062705	0.037855	-0.035056	-0.035056	-0.028301	0.031157	-0.024355	0.00042773
245	-0.015918	-0.015918	0.043647	0.063319	0.038322	-0.035446	-0.035446	-0.028612	0.031247	-0.024647	0.00042742
246	-0.016034	-0.016034	0.044153	0.063934	0.038791	-0.035838	-0.035838	-0.028924	0.031336	-0.02494	0.00042709
247	-0.01615	-0.01615	0.044659	0.064545	0.039258	-0.03623	-0.03623	-0.029236	0.031424	-0.025233	0.00042671
248	-0.016266	-0.016266	0.045166	0.065158	0.039726	-0.036622	-0.036622	-0.029548	0.031511	-0.025526	0.0004263
249	-0.016382	-0.016382	0.045673	0.065773	0.040196	-0.037015	-0.037015	-0.029861	0.031596	-0.025819	0.00042586
250	-0.016497	-0.016497	0.046183	0.066388	0.040666	-0.037408	-0.037408	-0.030174	0.031679	-0.026112	0.0004254
251	-0.016611	-0.016611	0.046692	0.067004	0.041137	-0.037802	-0.037802	-0.030487	0.031762	-0.026406	0.00042492
252	-0.016725	-0.016725	0.047201	0.067618	0.041608	-0.038196	-0.038196	-0.030801	0.031843	-0.0267	0.00042439
253	-0.016839	-0.016839	0.047711	0.068233	0.042079	-0.038591	-0.038591	-0.031115	0.031923	-0.026994	0.00042384
254	-0.016953	-0.016953	0.048222	0.068849	0.042551	-0.038986	-0.038986	-0.031429	0.032001	-0.027288	0.00042326
255	-0.017066	-0.017066	0.048734	0.069466	0.043024	-0.039382	-0.039382	-0.031743	0.032078	-0.027583	0.00042266
256	-0.017178	-0.017178	0.049246	0.070084	0.043498	-0.039778	-0.039778	-0.032058	0.032154	-0.027878	0.00042203
257	-0.017291	-0.017291	0.049758	0.070699	0.043971	-0.040174	-0.040174	-0.032373	0.032229	-0.028173	0.00042137
258	-0.017403	-0.017403	0.05027	0.071316	0.044445	-0.040571	-0.040571	-0.032688	0.032303	-0.028468	0.00042068
259	-0.017514	-0.017514	0.050784	0.071933	0.04492	-0.040968	-0.040968	-0.033004	0.032375	-0.028763	0.00041997
260	-0.017626	-0.017626	0.051298	0.072552	0.045396	-0.041366	-0.041366	-0.03332	0.032446	-0.029059	0.00041924
261	-0.017736	-0.017736	0.051814	0.073171	0.045872	-0.041764	-0.041764	-0.033636	0.032515	-0.029355	0.00041848
262	-0.017847	-0.017847	0.052328	0.073788	0.046348	-0.042163	-0.042163	-0.033952	0.032584	-0.029651	0.0004177
263	-0.017957	-0.017957	0.052843	0.074406	0.046824	-0.042562	-0.042562	-0.034269	0.032652	-0.029947	0.00041688
264	-0.018067	-0.018067	0.053359	0.075025	0.047302	-0.042961	-0.042961	-0.034585	0.032718	-0.030244	0.00041605
265	-0.018176	-0.018176	0.053876	0.075646	0.04778	-0.043361	-0.043361	-0.034902	0.032783	-0.03054	0.00041519
266	-0.018285	-0.018285	0.054394	0.076266	0.048259	-0.043761	-0.043761	-0.03522	0.032846	-0.030837	0.00041432
267	-0.018393	-0.018393	0.054911	0.076885	0.048737	-0.044162	-0.044162	-0.035537	0.032909	-0.031134	0.00041341
268	-0.018501	-0.018501	0.055428	0.077505	0.049216	-0.044563	-0.044563	-0.035855	0.032971	-0.031431	0.00041248
269	-0.018609	-0.018609	0.055947	0.078126	0.049696	-0.044964	-0.044964	-0.036173	0.033031	-0.031729	0.00041153
270	-0.018717	-0.018717	0.056467	0.078747	0.050176	-0.045366	-0.045366	-0.036492	0.03309	-0.032026	0.00041056
271	-0.018824	-0.018824	0.056987	0.07937	0.050658	-0.045768	-0.045768	-0.03681	0.033148	-0.032324	0.00040958
272	-0.01893	-0.01893	0.057506	0.07999	0.051138	-0.046171	-0.046171	-0.037129	0.033205	-0.032622	0.00040856
273	-0.019037	-0.019037	0.058026	0.080611	0.051619	-0.046573	-0.046573	-0.037448	0.033261	-0.03292	0.00040752
274	-0.019143	-0.019143	0.058547	0.081233	0.052102	-0.046977	-0.046977	-0.037767	0.033316	-0.033219	0.00040647
275	-0.019248	-0.019248	0.059069	0.081857	0.052585	-0.04738	-0.04738	-0.038087	0.033369	-0.033517	0.0004054
276	-0.019353	-0.019353	0.059592	0.08248	0.053068	-0.047784	-0.047784	-0.038406	0.033422	-0.033816	0.00040431
277	-0.019458	-0.019458	0.060113	0.083102	0.053551	-0.048189	-0.048189	-0.038726	0.033473	-0.034115	0.00040317
278	-0.019563	-0.019563	0.060635	0.083725	0.054034	-0.048593	-0.048593	-0.039047	0.033523	-0.034414	0.00040202
279	-0.019667	-0.019667	0.061159	0.084348	0.054519	-0.048998	-0.048998	-0.039367	0.033573	-0.034714	0.00040085
280	-0.019771	-0.019771	0.061683	0.084973	0.055004	-0.049404	-0.049404	-0.039688	0.033621	-0.035013	0.00039967
281	-0.019874	-0.019874	0.062207	0.085598	0.05549	-0.049809	-0.049809	-0.040008	0.033668	-0.035313	0.00039851
282	-0.019977	-0.019977	0.062731	0.086222	0.055974	-0.050215	-0.050215	-0.040329	0.033714	-0.035612	0.00039751
283	-0.02008	-0.02008	0.063255	0.086846	0.05646	-0.050622	-0.050622	-0.040651	0.033759	-0.035912	0.0003965
284	-0.020182	-0.020182	0.063781	0.087471	0.056946	-0.051028	-0.051028	-0.040972	0.033803	-0.036213	0.00039546
285	-0.020284	-0.020284	0.064307	0.088097	0.057434	-0.051435	-0.051435	-0.041294	0.033845	-0.036513	0.00039442
286	-0.020385	-0.020385	0.064834	0.088724	0.057921	-0.051843	-0.051843	-0.041615	0.033887	-0.036813	0.00039331
287	-0.020487	-0.020487	0.065359	0.089348	0.058408	-0.05225	-0.05225	-0.041937	0.033928	-0.037114	0.00039201
288	-0.020588	-0.020588	0.065886	0.089974	0.058896	-0.052659	-0.052659	-0.04226	0.033967	-0.037415	0.0003907
289	-0.020688	-0.020688	0.066413	0.0906	0.059384	-0.053067	-0.053067	-0.042582	0.034006	-0.037716	0.00038936
290	-0.020788	-0.020788	0.066942	0.091228	0.059873	-0.053476	-0.053476	-0.042905	0.034043	-0.038017	0.00038802
291	-0.020888	-0.020888	0.06747	0.091855	0.060363	-0.053885	-0.053885	-0.043227	0.03408	-0.038318	0.00038666
292	-0.020987	-0.020987	0.067998	0.092481	0.060852	-0.054294	-0.054294	-0.04355	0.034115	-0.03862	0.00038527
293	-0.021086	-0.021086	0.068526	0.093108	0.061341	-0.054703	-0.054703	-0.043874	0.03415	-0.038922	0.00038387
294	-0.021185	-0.021185	0.069056	0.093736	0.061831	-0.055113	-0.055113	-0.044197	0.034183	-0.039223	0.00038246
295	-0.021284	-0.021284	0.069586	0.094365	0.062322	-0.055524	-0.055524	-0.044521	0.034215	-0.039525	0.00038103
296	-0.021382	-0.021382	0.070116	0.094993	0.062814	-0.055934	-0.055934	-0.044844	0.034247	-0.039827	0.00037955
297	-0.021479	-0.021479	0.070646	0.095621	0.063304	-0.056345	-0.056345	-0.045168	0.034277	-0.04013	0.0003779
298	-0.021577	-0.021577	0.071176	0.096249	0.063795	-0.056756	-0.056756	-0.045493	0.034306	-0.040432	0.00037623
299	-0.021674	-0.021674	0.071707	0.096877	0.064287	-0.057167	-0.057167	-0.045817	0.034335	-0.040735	0.00037455
300	-0.02177	-0.02177	0.072239	0.097507	0.06478	-0.057579	-0.057579	-0.046141	0.034362	-0.041037	0.00037287
301	-0.021866	-0.021866	0.072771	0.098137	0.065273	-0.057991	-0.057991	-0.046466	0.034388	-0.04134	0.00037121
302	-0.021962	-0.021962	0.073302	0.098766	0.065765	-0.058403	-0.058403	-0.046791	0.034413	-0.041643	0.00036965
303	-0.022058	-0.022058	0.073834	0.099395	0.066258	-0.058816	-0.058816	-0.047116	0.034438	-0.041946	0.00036808
304	-0.022153	-0.022153	0.074367	0.10002	0.066751	-0.059228	-0.059228	-0.047441	0.034461	-0.04225	0.00036651
305	-0.022248	-0.022248	0.0749	0.10066	0.067246	-0.059641	-0.059641	-0.047766	0.034483	-0.042553	0.00036492
306	-0.022342	-0.022342	0.075434	0.10129	0.067741	-0.060055	-0.060055	-0.048091	0.034504	-0.042857	0.00036329
307	-0.022437	-0.022437	0.075967	0.10192	0.068234	-0.060468	-0.060468	-0.048417	0.034525	-0.04316	0.00036149
308	-0.02253	-0.02253	0.0765	0.10255	0.068729	-0.060882	-0.060882	-0.048743	0.034544	-0.043464	0.00035968
309	-0.022624	-0.022624	0.077035	0.10318	0.069224	-0.061296	-0.061296	-0.049069	0.034562	-0.043768	0.00035786
310	-0.022717	-0.022717	0.07757	0.10381	0.06972	-0.061711	-0.061711	-0.049395	0.034579	-0.044072	0.00035604
311	-0.02281	-0.02281	0.078105	0.10444	0.070216	-0.062125	-0.062125	-0.049721	0.034595	-0.044376	0.00035421
312	-0.022902	-0.022902	0.078639	0.10507	0.070711	-0.06254	-0.06254	-0.050047	0.034611	-0.04468	0.00035235
313	-0.022994	-0.022994	0.079174	0.1057	0.071207	-0.062955	-0.062955	-0.050374	0.034625	-0.044985	0.00035049
314	-0.023086	-0.023086	0.07971	0.10633	0.071704	-0.06337	-0.06337	-0.050701	0.034638	-0.04529	0.00034861
315	-0.023177	-0.023177	0.080246	0.10697	0.072201	-0.063786	-0.063786	-0.051027	0.03465	-0.045594	0.00034674
316	-0.023268	-0.023268	0.080781	0.1076	0.072697	-0.064202	-0.064202	-0.051354	0.034662	-0.045899	0.00034484
317	-0.02336	-0.02336	0.081308	0.10822	0.073185	-0.064618	-0.064618	-0.051682	0.034671	-0.046204	0.00034287
318	-0.023453	-0.023453	0.081835	0.10884	0.073674	-0.065034	-0.065034	-0.052009	0.034678	-0.04651	0.00034086
319	-0.023547	-0.023547	0.082362	0.10946	0.074162	-0.06545	-0.06545	-0.052337	0.034684	-0.046816	0.00033882
320	-0.023639	-0.023639	0.08289	0.11008	0.074652	-0.065866	-0.065866	-0.052664	0.034688	-0.047122	0.00033677
321	-0.023732	-0.023732	0.083417	0.1107	0.07514	-0.066281	-0.066281	-0.052992	0.034692	-0.047427	0.00033465
322	-0.023825	-0.023825	0.083938	0.11131	0.075624	-0.066697	-0.066697	-0.053319	0.034693	-0.047733	0.00033222
323	-0.023918	-0.023918	0.08446	0.11193	0.076107	-0.067112	-0.067112	-0.053647	0.034693	-0.048039	0.00032977
324	-0.024011	-0.024011	0.084982	0.11254	0.076591	-0.067527	-0.067527	-0.053974	0.034692	-0.048344	0.00032732
325	-0.024104	-0.024104	0.085505	0.11315	0.077076	-0.067941	-0.067941	-0.054301	0.03469	-0.048649	0.00032486
326	-0.024195	-0.024195	0.086026	0.11376	0.077559	-0.068356	-0.068356	-0.054627	0.034687	-0.048954	0.00032238
327	-0.024287	-0.024287	0.08654	0.11437	0.078036	-0.06877	-0.06877	-0.054953	0.034682	-0.049259	0.0003197
328	-0.02438	-0.02438	0.087053	0.11497	0.078512	-0.069183	-0.069183	-0.055279	0.034676	-0.049564	0.00031701
329	-0.024473	-0.024473	0.087567	0.11557	0.078989	-0.069596	-0.069596	-0.055605	0.034668	-0.049868	0.00031431
330	-0.024565	-0.024565	0.088081	0.11618	0.079465	-0.070008	-0.070008	-0.05593	0.034658	-0.050172	0.00031163
331	-0.024656	-0.024656	0.088593	0.11677	0.07994	-0.07042	-0.07042	-0.056255	0.034649	-0.050476	0.0003089
332	-0.024748	-0.024748	0.089094	0.11736	0.080405	-0.070831	-0.070831	-0.056579	0.034636	-0.050779	0.00030596
333	-0.024841	-0.024841	0.089594	0.11794	0.080869	-0.071241	-0.071241	-0.056903	0.034621	-0.051083	0.00030299
334	-0.024934	-0.024934	0.090094	0.11853	0.081333	-0.07165	-0.07165	-0.057227	0.034605	-0.051385	0.00030002
335	-0.025027	-0.025027	0.090595	0.11911	0.081797	-0.072058	-0.072058	-0.057549	0.034587	-0.051687	0.00029706
336	-0.025118	-0.025118	0.091092	0.1197	0.082258	-0.072466	-0.072466	-0.057871	0.034569	-0.051988	0.00029406
337	-0.025211	-0.025211	0.091576	0.12026	0.082708	-0.072872	-0.072872	-0.058192	0.034547	-0.052289	0.0002908
338	-0.025305	-0.025305	0.09206	0.12082	0.083156	-0.073277	-0.073277	-0.058513	0.034524	-0.05259	0.00028752
339	-0.025399	-0.025399	0.092543	0.12139	0.083605	-0.073681	-0.073681	-0.058833	0.034498	-0.05289	0.00028424
340	-0.025491	-0.025491	0.093027	0.12195	0.084053	-0.074083	-0.074083	-0.059151	0.034472	-0.053188	0.000281
341	-0.025583	-0.025583	0.093508	0.12251	0.0845	-0.074484	-0.074484	-0.059468	0.034444	-0.053486	0.00027777
342	-0.025675	-0.025675	0.093977	0.12305	0.084935	-0.074883	-0.074883	-0.059785	0.034415	-0.053783	0.00027446
343	-0.025768	-0.025768	0.094445	0.1236	0.08537	-0.075281	-0.075281	-0.0601	0.034382	-0.054079	0.00027115
344	-0.02586	-0.02586	0.094913	0.12414	0.085805	-0.075677	-0.075677	-0.060414	0.034349	-0.054374	0.00026786
345	-0.02595	-0.02595	0.095382	0.12469	0.086239	-0.076072	-0.076072	-0.060727	0.034315	-0.054667	0.0002646
346	-0.02604	-0.02604	0.095844	0.12522	0.086669	-0.076465	-0.076465	-0.061038	0.03428	-0.054959	0.0002613
347	-0.026132	-0.026132	0.09628	0.12572	0.087074	-0.076856	-0.076856	-0.061348	0.034239	-0.055251	0.00025763
348	-0.026228	-0.026228	0.096715	0.12623	0.087478	-0.077245	-0.077245	-0.061658	0.034195	-0.055543	0.00025392
349	-0.026324	-0.026324	0.097149	0.12673	0.087881	-0.077631	-0.077631	-0.061966	0.034147	-0.055833	0.00025023
350	-0.026419	-0.026419	0.097583	0.12723	0.088284	-0.078015	-0.078015	-0.062271	0.034099	-0.056121	0.00024658
351	-0.026513	-0.026513	0.097984	0.12768	0.088657	-0.078396	-0.078396	-0.062575	0.034049	-0.056407	0.00024276
352	-0.026633	-0.026633	0.098249	0.12797	0.088905	-0.078774	-0.078774	-0.062882	0.033972	-0.056699	0.00023766
353	-0.026775	-0.026775	0.098506	0.12825	0.089144	-0.079146	-0.079146	-0.063189	0.033872	-0.056994	0.00023221
354	-0.026925	-0.026925	0.098761	0.12854	0.08938	-0.079509	-0.079509	-0.063493	0.033761	-0.057286	0.00022667
355	-0.027075	-0.027075	0.099014	0.12882	0.089613	-0.079864	-0.079864	-0.063789	0.033644	-0.057572	0.00022119
356	-0.027223	-0.027223	0.099213	0.12903	0.089798	-0.08021	-0.08021	-0.064079	0.033524	-0.057853	0.00021601
357	0.036171	0.036171	0.11443	0.14311	0.1056	-0.082249	-0.082249	-0.061191	0.048799	-0.053127	0.0006447
358	0.052761	0.052761	0.12606	0.1553	0.11711	-0.086622	-0.086622	-0.062987	0.054112	-0.053952	0.00082853
359	0.062927	0.062927	0.13644	0.16682	0.12715	-0.09205	-0.09205	-0.067033	0.056182	-0.057549	0.00086711
360	0.07043	0.07043	0.14611	0.17796	0.13637	-0.098139	-0.098139	-0.072479	0.056068	-0.062866	0.00080386
361	0.076465	0.076465	0.15533	0.18883	0.14507	-0.10465	-0.10465	-0.078772	0.0541	-0.06919	0.00067557
362	0.081607	0.081607	0.16423	0.1995	0.1534	-0.11141	-0.11141	-0.085541	0.050316	-0.076054	0.00051504
363	0.085746	0.085746	0.17248	0.20957	0.16114	-0.11845	-0.11845	-0.096653	0.022311	-0.088451	4.2732e-005
364	0.093271	0.093271	0.18157	0.21998	0.1699	-0.12427	-0.12427	-0.1051	-0.032751	-0.097589	-0.00017405
365	0.10134	0.10134	0.19075	0.23038	0.17878	-0.12973	-0.12973	-0.11275	-0.050494	-0.10575	-0.00062614
366	0.10896	0.10896	0.19985	0.24075	0.18755	-0.13516	-0.13516	-0.12023	-0.064269	-0.1137	-0.0012684
367	0.11975	0.11975	0.21058	0.25216	0.19864	-0.14056	-0.14056	-0.13034	-0.086837	-0.12513	-0.0031702
368	0.13018	0.13018	0.22122	0.2635	0.2096	-0.14599	-0.14599	-0.13936	-0.10428	-0.13523	-0.0055624
369	0.1401	0.1401	0.2317	0.27474	0.22035	-0.15152	-0.15152	-0.14759	-0.11905	-0.1444	-0.0083856
370	0.14952	0.14952	0.24201	0.28589	0.23091	-0.15719	-0.15719	-0.15519	-0.13212	-0.15284	-0.011611
371	0.13194	0.13194	0.23982	0.28726	0.22707	-0.16213	-0.16213	-0.16195	-0.14707	-0.16094	-0.016881
372	0.11511	0.11511	0.23899	0.28963	0.22464	-0.16569	-0.16569	-0.16569	-0.15703	-0.16564	-0.021708
373	0.099394	0.099394	0.23904	0.29243	0.22319	-0.16816	-0.16816	-0.16816	-0.16363	-0.16816	-0.025994
374	0.085036	0.085036	0.23992	0.29564	0.22268	-0.16975	-0.16975	-0.16975	-0.16779	-0.16975	-0.02973
375	0.22685	0.22685	0.29539	0.34633	0.27908	-0.17202	-0.17202	-0.15037	-0.088222	-0.14129	-0.0025536
376	0.2983	0.2983	0.33834	0.39227	0.3202	-0.098046	-0.098046	0.057649	0.16983	0.090982	0.013656
377	0.33918	0.33918	0.36543	0.43197	0.34165	0.14958	0.14958	0.16907	0.23636	0.17386	0.030171
378	0.35629	0.35629	0.36887	0.45602	0.33527	0.23222	0.23222	0.2117	0.27567	0.21285	0.038758
379	0.34948	0.34948	0.34168	0.45962	0.29093	0.29252	0.29252	0.23373	0.3006	0.23538	0.041606
380	0.32076	0.32076	0.27628	0.44284	0.18575	0.34907	0.34907	0.24906	0.31921	0.25229	0.042477
381	0.28561	0.28561	0.16102	0.41475	-0.14099	0.41695	0.41695	0.28015	0.3469	0.28145	0.048008
382	0.25927	0.25927	-0.13828	0.38399	-0.25217	0.49776	0.49776	0.33309	0.38979	0.32822	0.061556
383	0.2257	0.2257	-0.2487	0.3398	-0.33273	0.57885	0.57885	0.38831	0.43523	0.37721	0.078406
384	-0.18114	-0.18114	-0.35526	0.1705	-0.41557	0.50838	0.50838	0.25812	0.34179	0.2736	0.036019
385	-0.23067	-0.23067	-0.38206	0.041422	-0.43836	0.48547	0.48547	0.201	0.30748	0.23231	0.025738
386	-0.23885	-0.23885	-0.38785	-0.047992	-0.44387	0.48325	0.48325	0.19	0.3023	0.2252	0.024297
387	-0.241	-0.241	-0.39022	-0.054315	-0.44653	0.48475	0.48475	0.18872	0.30258	0.2248	0.024339
388	-0.24212	-0.24212	-0.39201	-0.055614	-0.44869	0.48686	0.48686	0.18917	0.30381	0.22558	0.024629
389	-0.24302	-0.24302	-0.39367	-0.055888	-0.45074	0.48909	0.48909	0.19001	0.30523	0.22661	0.024983
390	-0.24387	-0.24387	-0.39529	-0.05595	-0.45275	0.49132	0.49132	0.19092	0.30668	0.22767	0.02536
391	-0.24472	-0.24472	-0.3969	-0.055983	-0.45475	0.49352	0.49352	0.19183	0.30811	0.22874	0.02567
392	-0.24558	-0.24558	-0.39851	-0.056082	-0.45675	0.4957	0.4957	0.1927	0.30952	0.22977	0.025658
393	-0.24644	-0.24644	-0.40012	-0.056223	-0.45873	0.49785	0.49785	0.19355	0.3109	0.23077	0.025642
394	-0.2473	-0.2473	-0.40171	-0.056382	-0.4607	0.49996	0.49996	0.19437	0.31225	0.23176	0.025623
395	-0.24815	-0.24815	-0.4033	-0.056555	-0.46265	0.50204	0.50204	0.19518	0.31358	0.23273	0.0256
396	-0.24901	-0.24901	-0.40487	-0.056737	-0.46459	0.5041	0.5041	0.19597	0.3149	0.23369	0.02558
397	-0.24986	-0.24986	-0.40643	-0.056917	-0.46651	0.50614	0.50614	0.19676	0.3162	0.23463	0.025574
398	-0.2507	-0.2507	-0.40798	-0.0571	-0.46842	0.50816	0.50816	0.19753	0.31749	0.23556	0.025566
399	-0.25154	-0.25154	-0.40952	-0.05729	-0.47031	0.51014	0.51014	0.19829	0.31875	0.23647	0.025555
400	-0.25237	-0.25237	-0.41105	-0.057488	-0.47218	0.5121	0.5121	0.19904	0.32	0.23737	0.025542
401	-0.2532	-0.2532	-0.41256	-0.057693	-0.47404	0.51404	0.51404	0.19977	0.32123	0.23826	0.025534
402	-0.25402	-0.25402	-0.41406	-0.057888	-0.47587	0.51596	0.51596	0.2005	0.32244	0.23913	0.025552
403	-0.25484	-0.25484	-0.41555	-0.058082	-0.47769	0.51786	0.51786	0.20121	0.32364	0.23999	0.025569
404	-0.25565	-0.25565	-0.41702	-0.058281	-0.4795	0.51974	0.51974	0.20192	0.32483	0.24084	0.025583
405	-0.25646	-0.25646	-0.41848	-0.058485	-0.48129	0.52159	0.52159	0.20261	0.32599	0.24168	0.025595
406	-0.25725	-0.25725	-0.41993	-0.058694	-0.48306	0.52341	0.52341	0.20329	0.32714	0.2425	0.025605
407	-0.25805	-0.25805	-0.42136	-0.058898	-0.48481	0.52523	0.52523	0.20396	0.32828	0.24331	0.025612
408	-0.25883	-0.25883	-0.42278	-0.059101	-0.48655	0.52702	0.52702	0.20463	0.32941	0.24411	0.025617
409	-0.25961	-0.25961	-0.42419	-0.059308	-0.48826	0.52878	0.52878	0.20528	0.33051	0.2449	0.02562
410	-0.26038	-0.26038	-0.42558	-0.059518	-0.48997	0.53053	0.53053	0.20592	0.33161	0.24567	0.025621
411	-0.26115	-0.26115	-0.42696	-0.05973	-0.49165	0.53225	0.53225	0.20655	0.33268	0.24644	0.02562
412	-0.2619	-0.2619	-0.42833	-0.059936	-0.49331	0.53396	0.53396	0.20718	0.33375	0.24719	0.025617
413	-0.26265	-0.26265	-0.42968	-0.06014	-0.49496	0.53565	0.53565	0.2078	0.3348	0.24793	0.025612
414	-0.2634	-0.2634	-0.43102	-0.060346	-0.49659	0.53731	0.53731	0.2084	0.33584	0.24866	0.025605
415	-0.26413	-0.26413	-0.43234	-0.060553	-0.49821	0.53895	0.53895	0.209	0.33686	0.24938	0.025596
416	-0.26486	-0.26486	-0.43365	-0.060761	-0.4998	0.54058	0.54058	0.20959	0.33787	0.25009	0.025585
417	-0.26558	-0.26558	-0.43494	-0.060962	-0.50138	0.54219	0.54219	0.21017	0.33887	0.25079	0.025572
418	-0.26629	-0.26629	-0.43622	-0.061161	-0.50294	0.54378	0.54378	0.21074	0.33985	0.25148	0.025557
419	-0.267	-0.267	-0.43749	-0.061361	-0.50448	0.54535	0.54535	0.21131	0.34082	0.25216	0.02554
420	-0.2677	-0.2677	-0.43874	-0.06156	-0.506	0.54689	0.54689	0.21186	0.34178	0.25282	0.025522
421	-0.26839	-0.26839	-0.43997	-0.061759	-0.50751	0.54842	0.54842	0.21241	0.34272	0.25348	0.025501
422	-0.26907	-0.26907	-0.4412	-0.061951	-0.509	0.54994	0.54994	0.21295	0.34366	0.25413	0.025476
423	-0.26974	-0.26974	-0.4424	-0.062141	-0.51047	0.55143	0.55143	0.21349	0.34458	0.25477	0.025449
424	-0.27041	-0.27041	-0.4436	-0.06233	-0.51192	0.5529	0.5529	0.21401	0.34548	0.25539	0.02542
425	-0.27107	-0.27107	-0.44477	-0.062518	-0.51335	0.55436	0.55436	0.21453	0.34638	0.25601	0.02539
426	-0.27172	-0.27172	-0.44594	-0.062704	-0.51477	0.55579	0.55579	0.21504	0.34726	0.25662	0.025358
427	-0.27236	-0.27236	-0.44709	-0.062885	-0.51617	0.55721	0.55721	0.21555	0.34814	0.25722	0.025323
428	-0.27299	-0.27299	-0.44822	-0.063062	-0.51755	0.55861	0.55861	0.21604	0.349	0.25781	0.025288
429	-0.27362	-0.27362	-0.44934	-0.063237	-0.51891	0.56	0.56	0.21653	0.34984	0.25839	0.025251
430	-0.27423	-0.27423	-0.45045	-0.063411	-0.52026	0.56136	0.56136	0.21702	0.35068	0.25896	0.025213
431	-0.27484	-0.27484	-0.45154	-0.063583	-0.52159	0.5627	0.5627	0.21749	0.3515	0.25952	0.025173
432	-0.27544	-0.27544	-0.45262	-0.063748	-0.5229	0.56403	0.56403	0.21796	0.35232	0.26008	0.025131
433	-0.27603	-0.27603	-0.45368	-0.063911	-0.52419	0.56534	0.56534	0.21843	0.35312	0.26062	0.025087
434	-0.27662	-0.27662	-0.45473	-0.064071	-0.52547	0.56663	0.56663	0.21888	0.35391	0.26116	0.025043
435	-0.27719	-0.27719	-0.45576	-0.064229	-0.52673	0.5679	0.5679	0.21933	0.35469	0.26168	0.024997
436	-0.27776	-0.27776	-0.45678	-0.064384	-0.52797	0.56915	0.56915	0.21977	0.35546	0.2622	0.02495
437	-0.27832	-0.27832	-0.45779	-0.064534	-0.52919	0.57039	0.57039	0.22021	0.35622	0.26271	0.024901
438	-0.27887	-0.27887	-0.45878	-0.06468	-0.5304	0.57161	0.57161	0.22064	0.35696	0.26321	0.02485
439	-0.27941	-0.27941	-0.45975	-0.064823	-0.53159	0.57281	0.57281	0.22107	0.3577	0.26371	0.024799
440	-0.27995	-0.27995	-0.46071	-0.064963	-0.53276	0.57399	0.57399	0.22149	0.35842	0.26419	0.024746
441	-0.28047	-0.28047	-0.46166	-0.065101	-0.53391	0.57516	0.57516	0.2219	0.35914	0.26467	0.024692
442	-0.28099	-0.28099	-0.46259	-0.065233	-0.53505	0.57631	0.57631	0.2223	0.35984	0.26513	0.024637
443	-0.2815	-0.2815	-0.46351	-0.065362	-0.53617	0.57744	0.57744	0.2227	0.36053	0.26559	0.024581
444	-0.282	-0.282	-0.46441	-0.065487	-0.53727	0.57855	0.57855	0.2231	0.36121	0.26604	0.024524
445	-0.28249	-0.28249	-0.4653	-0.06561	-0.53835	0.57964	0.57964	0.22348	0.36189	0.26649	0.024466
446	-0.28297	-0.28297	-0.46618	-0.065729	-0.53942	0.58072	0.58072	0.22386	0.36255	0.26692	0.024406
447	-0.28345	-0.28345	-0.46704	-0.065843	-0.54047	0.58178	0.58178	0.22424	0.3632	0.26735	0.024345
448	-0.28391	-0.28391	-0.46788	-0.065953	-0.5415	0.58282	0.58282	0.22461	0.36384	0.26776	0.024283
449	-0.28437	-0.28437	-0.46872	-0.06606	-0.54252	0.58385	0.58385	0.22498	0.36447	0.26818	0.02422
450	-0.28482	-0.28482	-0.46953	-0.066163	-0.54352	0.58486	0.58486	0.22533	0.36508	0.26858	0.024156
451	-0.28526	-0.28526	-0.47034	-0.066263	-0.5445	0.58585	0.58585	0.22569	0.36569	0.26897	0.024091
452	-0.2857	-0.2857	-0.47113	-0.066359	-0.54546	0.58682	0.58682	0.22603	0.36629	0.26936	0.024024
453	-0.28612	-0.28612	-0.4719	-0.066451	-0.54641	0.58777	0.58777	0.22637	0.36688	0.26974	0.023956
454	-0.28654	-0.28654	-0.47266	-0.06654	-0.54734	0.58871	0.58871	0.22671	0.36745	0.27011	0.023887
455	-0.28694	-0.28694	-0.47341	-0.066625	-0.54826	0.58963	0.58963	0.22704	0.36802	0.27047	0.023818
456	-0.28734	-0.28734	-0.47414	-0.066706	-0.54915	0.59053	0.59053	0.22736	0.36858	0.27083	0.023747
457	-0.28773	-0.28773	-0.47486	-0.066783	-0.55003	0.59142	0.59142	0.22768	0.36912	0.27118	0.023675
458	-0.28812	-0.28812	-0.47556	-0.066855	-0.5509	0.59228	0.59228	0.22799	0.36966	0.27152	0.023603
459	-0.28849	-0.28849	-0.47625	-0.066924	-0.55174	0.59314	0.59314	0.2283	0.37019	0.27185	0.02353
460	-0.28886	-0.28886	-0.47693	-0.066989	-0.55257	0.59397	0.59397	0.2286	0.3707	0.27218	0.023456
461	-0.28921	-0.28921	-0.47759	-0.067051	-0.55338	0.59479	0.59479	0.22889	0.37121	0.2725	0.023382
462	-0.28956	-0.28956	-0.47823	-0.067107	-0.55418	0.59558	0.59558	0.22918	0.37171	0.27281	0.023311
463	-0.2899	-0.2899	-0.47887	-0.067158	-0.55496	0.59637	0.59637	0.22947	0.3722	0.27311	0.023239
464	-0.29023	-0.29023	-0.47948	-0.067206	-0.55572	0.59713	0.59713	0.22975	0.37267	0.27341	0.023166
465	-0.29056	-0.29056	-0.48009	-0.06725	-0.55647	0.59788	0.59788	0.23002	0.37314	0.27369	0.023093
466	-0.29087	-0.29087	-0.48068	-0.06729	-0.55719	0.59861	0.59861	0.23029	0.3736	0.27398	0.023019
467	-0.29118	-0.29118	-0.48126	-0.067327	-0.55791	0.59932	0.59932	0.23055	0.37404	0.27425	0.022943
468	-0.29148	-0.29148	-0.48182	-0.067359	-0.5586	0.60002	0.60002	0.23081	0.37448	0.27452	0.022867
469	-0.29177	-0.29177	-0.48237	-0.067388	-0.55928	0.60069	0.60069	0.23106	0.37491	0.27477	0.02279
470	-0.29205	-0.29205	-0.4829	-0.067412	-0.55994	0.60136	0.60136	0.23131	0.37533	0.27503	0.022712
471	-0.29232	-0.29232	-0.48342	-0.067433	-0.56059	0.602	0.602	0.23155	0.37573	0.27527	0.022633
472	-0.29258	-0.29258	-0.48393	-0.06745	-0.56122	0.60262	0.60262	0.23178	0.37613	0.27551	0.022553
473	-0.29284	-0.29284	-0.48442	-0.067462	-0.56183	0.60323	0.60323	0.23201	0.37652	0.27574	0.022472
474	-0.29309	-0.29309	-0.4849	-0.067471	-0.56242	0.60382	0.60382	0.23224	0.3769	0.27596	0.022391
475	-0.29332	-0.29332	-0.48536	-0.067475	-0.563	0.6044	0.6044	0.23246	0.37727	0.27618	0.022309
476	-0.29356	-0.29356	-0.48581	-0.067475	-0.56356	0.60496	0.60496	0.23267	0.37762	0.27639	0.022226
477	-0.29378	-0.29378	-0.48625	-0.067471	-0.56411	0.6055	0.6055	0.23288	0.37797	0.27659	0.022141
478	-0.29399	-0.29399	-0.48667	-0.067464	-0.56464	0.60602	0.60602	0.23308	0.37831	0.27678	0.022056
479	-0.2942	-0.2942	-0.48708	-0.067451	-0.56515	0.60653	0.60653	0.23328	0.37864	0.27697	0.02197
480	-0.29439	-0.29439	-0.48747	-0.067435	-0.56564	0.60702	0.60702	0.23347	0.37896	0.27715	0.021883
481	-0.29458	-0.29458	-0.48785	-0.067414	-0.56612	0.60749	0.60749	0.23366	0.37927	0.27732	0.021795
482	-0.29476	-0.29476	-0.48821	-0.067391	-0.56658	0.60794	0.60794	0.23384	0.37957	0.27749	0.021702
483	-0.29493	-0.29493	-0.48857	-0.067364	-0.56703	0.60838	0.60838	0.23402	0.37986	0.27765	0.021609
484	-0.29509	-0.29509	-0.4889	-0.067332	-0.56746	0.6088	0.6088	0.23419	0.38014	0.2778	0.021515
485	-0.29525	-0.29525	-0.48923	-0.067296	-0.56787	0.60921	0.60921	0.23435	0.38041	0.27794	0.02142
486	-0.29539	-0.29539	-0.48954	-0.067255	-0.56827	0.60959	0.60959	0.23451	0.38067	0.27808	0.021325
487	-0.29553	-0.29553	-0.48983	-0.067211	-0.56865	0.60996	0.60996	0.23467	0.38092	0.27821	0.021229
488	-0.29566	-0.29566	-0.49011	-0.067163	-0.56901	0.61031	0.61031	0.23482	0.38116	0.27833	0.021132
489	-0.29578	-0.29578	-0.49038	-0.067109	-0.56935	0.61065	0.61065	0.23496	0.38139	0.27845	0.021035
490	-0.29589	-0.29589	-0.49063	-0.067051	-0.56968	0.61097	0.61097	0.2351	0.38161	0.27856	0.020937
491	-0.29599	-0.29599	-0.49087	-0.066988	-0.57	0.61127	0.61127	0.23523	0.38182	0.27866	0.020839
492	-0.29609	-0.29609	-0.49109	-0.066922	-0.57029	0.61155	0.61155	0.23536	0.38202	0.27876	0.020739
493	-0.29617	-0.29617	-0.4913	-0.066852	-0.57057	0.61182	0.61182	0.23548	0.38222	0.27885	0.02064
494	-0.29625	-0.29625	-0.4915	-0.066776	-0.57083	0.61207	0.61207	0.2356	0.3824	0.27893	0.020539
495	-0.29632	-0.29632	-0.49168	-0.066696	-0.57108	0.6123	0.6123	0.23571	0.38257	0.279	0.020438
496	-0.29638	-0.29638	-0.49185	-0.06661	-0.57131	0.61252	0.61252	0.23582	0.38273	0.27907	0.020337
497	-0.29643	-0.29643	-0.492	-0.066523	-0.57152	0.61271	0.61271	0.23592	0.38289	0.27913	0.020235
498	-0.29647	-0.29647	-0.49214	-0.06643	-0.57172	0.61289	0.61289	0.23602	0.38303	0.27919	0.020132
499	-0.2965	-0.2965	-0.49227	-0.066332	-0.5719	0.61305	0.61305	0.23611	0.38316	0.27923	0.020029
500	-0.29653	-0.29653	-0.49238	-0.066229	-0.57206	0.6132	0.6132	0.23619	0.38329	0.27927	0.019926
501	-0.29655	-0.29655	-0.49247	-0.066121	-0.5722	0.61333	0.61333	0.23627	0.3834	0.27931	0.019822
502	-0.29655	-0.29655	-0.49256	-0.066011	-0.57233	0.61344	0.61344	0.23635	0.3835	0.27933	0.019718
503	-0.29655	-0.29655	-0.49263	-0.065895	-0.57244	0.61354	0.61354	0.23642	0.3836	0.27935	0.019613
504	-0.29654	-0.29654	-0.49268	-0.065774	-0.57254	0.61361	0.61361	0.23648	0.38368	0.27936	0.019508
505	-0.29652	-0.29652	-0.49272	-0.065647	-0.57262	0.61368	0.61368	0.23654	0.38375	0.27937	0.019403
506	-0.2965	-0.2965	-0.49274	-0.065516	-0.57268	0.61372	0.61372	0.2366	0.38382	0.27937	0.019297
507	-0.29646	-0.29646	-0.49275	-0.065382	-0.57272	0.61374	0.61374	0.23664	0.38387	0.27936	0.01919
508	-0.29642	-0.29642	-0.49275	-0.065243	-0.57275	0.61375	0.61375	0.23668	0.38392	0.27935	0.019083
509	-0.29636	-0.29636	-0.49273	-0.065099	-0.57276	0.61374	0.61374	0.23672	0.38395	0.27932	0.018976
510	-0.2963	-0.2963	-0.4927	-0.064949	-0.57275	0.61372	0.61372	0.23675	0.38397	0.2793	0.018868
511	-0.29623	-0.29623	-0.49265	-0.064794	-0.57273	0.61367	0.61367	0.23678	0.38399	0.27926	0.01876
512	-0.29615	-0.29615	-0.49259	-0.064635	-0.57269	0.61361	0.61361	0.2368	0.38399	0.27922	0.018651
513	-0.29606	-0.29606	-0.49252	-0.064471	-0.57263	0.61353	0.61353	0.23682	0.38399	0.27917	0.018542
514	-0.29596	-0.29596	-0.49243	-0.064302	-0.57256	0.61344	0.61344	0.23683	0.38397	0.27911	0.018432
515	-0.29585	-0.29585	-0.49232	-0.064127	-0.57247	0.61333	0.61333	0.23683	0.38394	0.27905	0.018322
516	-0.29574	-0.29574	-0.4922	-0.063947	-0.57236	0.6132	0.6132	0.23683	0.38391	0.27898	0.018212
517	-0.29561	-0.29561	-0.49207	-0.063764	-0.57224	0.61305	0.61305	0.23683	0.38386	0.2789	0.018102
518	-0.29548	-0.29548	-0.49192	-0.063575	-0.57209	0.61288	0.61288	0.23681	0.3838	0.27882	0.017992
519	-0.29534	-0.29534	-0.49175	-0.063381	-0.57193	0.6127	0.6127	0.2368	0.38374	0.27872	0.017881
520	-0.29519	-0.29519	-0.49158	-0.063181	-0.57176	0.6125	0.6125	0.23677	0.38366	0.27863	0.01777
521	-0.29503	-0.29503	-0.49138	-0.062975	-0.57156	0.61228	0.61228	0.23675	0.38357	0.27852	0.017659
522	-0.29486	-0.29486	-0.49118	-0.062765	-0.57135	0.61204	0.61204	0.23671	0.38348	0.27841	0.017552
523	-0.29468	-0.29468	-0.49095	-0.06255	-0.57112	0.61179	0.61179	0.23667	0.38337	0.27829	0.017444
524	-0.29449	-0.29449	-0.49072	-0.062328	-0.57088	0.61152	0.61152	0.23663	0.38325	0.27816	0.017336
525	-0.29429	-0.29429	-0.49046	-0.0621	-0.57061	0.61123	0.61123	0.23658	0.38312	0.27803	0.017227
526	-0.29409	-0.29409	-0.4902	-0.061867	-0.57033	0.61092	0.61092	0.23652	0.38298	0.27789	0.017118
527	-0.29387	-0.29387	-0.48992	-0.061631	-0.57003	0.6106	0.6106	0.23646	0.38284	0.27774	0.017008
528	-0.29365	-0.29365	-0.48962	-0.061389	-0.56972	0.61025	0.61025	0.23639	0.38268	0.27759	0.016898
529	-0.29341	-0.29341	-0.48931	-0.06114	-0.56938	0.60989	0.60989	0.23632	0.38251	0.27742	0.016787
530	-0.29317	-0.29317	-0.48898	-0.060886	-0.56903	0.60951	0.60951	0.23624	0.38233	0.27726	0.016676
531	-0.29292	-0.29292	-0.48864	-0.060625	-0.56866	0.60912	0.60912	0.23616	0.38214	0.27708	0.016565
532	-0.29266	-0.29266	-0.48828	-0.060361	-0.56828	0.6087	0.6087	0.23607	0.38193	0.2769	0.016452
533	-0.29239	-0.29239	-0.48791	-0.060091	-0.56787	0.60827	0.60827	0.23597	0.38172	0.27671	0.016339
534	-0.29211	-0.29211	-0.48752	-0.059815	-0.56745	0.60782	0.60782	0.23587	0.3815	0.27651	0.016227
535	-0.29182	-0.29182	-0.48712	-0.059532	-0.56701	0.60735	0.60735	0.23576	0.38127	0.2763	0.016113
536	-0.29152	-0.29152	-0.4867	-0.059241	-0.56656	0.60687	0.60687	0.23565	0.38102	0.27609	0.016011
537	-0.29121	-0.29121	-0.48627	-0.058934	-0.56608	0.60636	0.60636	0.23554	0.38077	0.27587	0.01595
538	-0.29089	-0.29089	-0.48582	-0.05862	-0.56558	0.60584	0.60584	0.23542	0.38051	0.27565	0.015889
539	-0.29056	-0.29056	-0.48535	-0.058299	-0.56507	0.6053	0.6053	0.23529	0.38023	0.27542	0.015828
540	-0.29022	-0.29022	-0.48487	-0.057971	-0.56454	0.60474	0.60474	0.23516	0.37995	0.27518	0.015766
541	-0.28987	-0.28987	-0.48438	-0.057639	-0.56399	0.60416	0.60416	0.23502	0.37965	0.27493	0.015693
542	-0.28951	-0.28951	-0.48387	-0.057323	-0.56343	0.60355	0.60355	0.23487	0.37934	0.27467	0.01558
543	-0.28915	-0.28915	-0.48335	-0.057004	-0.56285	0.60291	0.60291	0.23471	0.37902	0.27441	0.015467
544	-0.28878	-0.28878	-0.48281	-0.056677	-0.56225	0.60226	0.60226	0.23454	0.37869	0.27413	0.015353
545	-0.2884	-0.2884	-0.48225	-0.056343	-0.56163	0.60159	0.60159	0.23437	0.37834	0.27385	0.015239
546	-0.28801	-0.28801	-0.48168	-0.056004	-0.56099	0.60089	0.60089	0.2342	0.37798	0.27356	0.015125
547	-0.28761	-0.28761	-0.48109	-0.055699	-0.56034	0.60011	0.60011	0.234	0.37761	0.27326	0.01501
548	-0.28721	-0.28721	-0.48049	-0.05539	-0.55966	0.59931	0.59931	0.23379	0.37722	0.27294	0.014894
549	-0.28679	-0.28679	-0.47988	-0.055073	-0.55897	0.59849	0.59849	0.23358	0.37682	0.27262	0.014778
550	-0.28637	-0.28637	-0.47924	-0.054748	-0.55826	0.59765	0.59765	0.23337	0.37641	0.27229	0.014662
551	-0.28593	-0.28593	-0.47859	-0.054421	-0.55753	0.59678	0.59678	0.23314	0.37599	0.27195	0.014534
552	-0.2855	-0.2855	-0.47793	-0.054166	-0.55678	0.59578	0.59578	0.23289	0.37554	0.27159	0.014358
553	-0.28506	-0.28506	-0.47726	-0.05391	-0.55602	0.59477	0.59477	0.23262	0.37508	0.27122	0.014184
554	-0.28461	-0.28461	-0.47656	-0.053644	-0.55523	0.59374	0.59374	0.23235	0.37461	0.27084	0.014011
555	-0.28414	-0.28414	-0.47585	-0.053367	-0.55442	0.59269	0.59269	0.23208	0.37413	0.27045	0.01384
556	-0.28367	-0.28367	-0.47512	-0.053085	-0.55359	0.59159	0.59159	0.2318	0.37363	0.27005	0.01368
557	-0.28319	-0.28319	-0.47437	-0.052857	-0.55274	0.59037	0.59037	0.23149	0.37311	0.26964	0.013561
558	-0.2827	-0.2827	-0.47361	-0.052625	-0.55188	0.58912	0.58912	0.23118	0.37258	0.26921	0.013442
559	-0.2822	-0.2822	-0.47283	-0.052381	-0.55098	0.58786	0.58786	0.23086	0.37204	0.26878	0.013322
560	-0.28169	-0.28169	-0.47202	-0.052126	-0.55007	0.58659	0.58659	0.23053	0.37149	0.26834	0.013203
561	-0.28117	-0.28117	-0.4712	-0.051866	-0.54913	0.58527	0.58527	0.2302	0.37092	0.2679	0.013083
562	-0.28064	-0.28064	-0.47037	-0.051664	-0.54818	0.58383	0.58383	0.22984	0.37033	0.26743	0.012963
563	-0.28011	-0.28011	-0.46951	-0.051456	-0.54721	0.58238	0.58238	0.22948	0.36973	0.26695	0.012843
564	-0.27956	-0.27956	-0.46864	-0.051235	-0.54621	0.58091	0.58091	0.22911	0.36912	0.26647	0.012723
565	-0.27899	-0.27899	-0.46774	-0.051002	-0.54518	0.57943	0.57943	0.22873	0.36849	0.26598	0.012603
566	-0.27842	-0.27842	-0.46683	-0.050761	-0.54413	0.57791	0.57791	0.22835	0.36786	0.26548	0.012483
567	-0.27784	-0.27784	-0.4659	-0.050564	-0.54307	0.57629	0.57629	0.22795	0.3672	0.26496	0.012362
568	-0.27725	-0.27725	-0.46495	-0.050358	-0.54198	0.57466	0.57466	0.22753	0.36653	0.26443	0.012241
569	-0.27664	-0.27664	-0.46397	-0.050139	-0.54086	0.57301	0.57301	0.22712	0.36585	0.2639	0.01212
570	-0.27602	-0.27602	-0.46298	-0.049906	-0.53972	0.57134	0.57134	0.2267	0.36516	0.26336	0.011999
571	-0.27539	-0.27539	-0.46197	-0.049662	-0.53855	0.56965	0.56965	0.22627	0.36445	0.26281	0.011878
572	-0.27475	-0.27475	-0.46093	-0.049432	-0.53737	0.56791	0.56791	0.22583	0.36373	0.26225	0.011757
573	-0.27409	-0.27409	-0.45988	-0.04919	-0.53615	0.56615	0.56615	0.22539	0.36299	0.26168	0.011636
574	-0.27342	-0.27342	-0.4588	-0.048935	-0.53492	0.56437	0.56437	0.22494	0.36224	0.2611	0.011515
575	-0.27274	-0.27274	-0.4577	-0.048666	-0.53365	0.56258	0.56258	0.22448	0.36149	0.26052	0.011394
576	-0.27204	-0.27204	-0.45658	-0.048385	-0.53237	0.56076	0.56076	0.22402	0.36071	0.25993	0.011262
577	-0.27133	-0.27133	-0.45544	-0.048111	-0.53106	0.55893	0.55893	0.22355	0.35993	0.25932	0.011083
578	-0.27061	-0.27061	-0.45428	-0.047825	-0.52972	0.55707	0.55707	0.22307	0.35913	0.25871	0.010907
579	-0.26987	-0.26987	-0.4531	-0.047525	-0.52836	0.5552	0.5552	0.22258	0.35831	0.25809	0.010733
580	-0.26912	-0.26912	-0.45189	-0.04721	-0.52697	0.55332	0.55332	0.22209	0.35749	0.25746	0.010561
581	-0.26835	-0.26835	-0.45066	-0.046878	-0.52556	0.55142	0.55142	0.2216	0.35665	0.25683	0.010401
582	-0.26757	-0.26757	-0.44941	-0.046512	-0.52412	0.54951	0.54951	0.2211	0.3558	0.25619	0.010283
583	-0.26677	-0.26677	-0.44814	-0.046131	-0.52265	0.54758	0.54758	0.2206	0.35494	0.25554	0.010165
584	-0.26596	-0.26596	-0.44684	-0.045735	-0.52116	0.54564	0.54564	0.2201	0.35407	0.25489	0.010047
585	-0.26514	-0.26514	-0.44552	-0.045326	-0.51965	0.54367	0.54367	0.21958	0.35318	0.25423	0.0099297
586	-0.2643	-0.2643	-0.44419	-0.044901	-0.51811	0.5417	0.5417	0.21907	0.35228	0.25355	0.0098127
587	-0.26344	-0.26344	-0.44282	-0.044448	-0.51654	0.53972	0.53972	0.21855	0.35137	0.25288	0.0096966
588	-0.26257	-0.26257	-0.44144	-0.043979	-0.51495	0.53773	0.53773	0.21802	0.35045	0.25219	0.0095808
589	-0.26169	-0.26169	-0.44003	-0.043496	-0.51333	0.53572	0.53572	0.21748	0.34951	0.25149	0.0094651
590	-0.26079	-0.26079	-0.43861	-0.042999	-0.51169	0.53369	0.53369	0.21694	0.34855	0.25079	0.0093496
591	-0.25988	-0.25988	-0.43716	-0.042486	-0.51002	0.53165	0.53165	0.21639	0.34759	0.25008	0.0092343
592	-0.25895	-0.25895	-0.43568	-0.041938	-0.50832	0.52961	0.52961	0.21584	0.34661	0.24936	0.0091193
593	-0.25801	-0.25801	-0.43419	-0.041375	-0.5066	0.52755	0.52755	0.21528	0.34561	0.24863	0.0090046
594	-0.25705	-0.25705	-0.43267	-0.040797	-0.50485	0.52547	0.52547	0.21472	0.3446	0.24789	0.00889
595	-0.25608	-0.25608	-0.43113	-0.040204	-0.50308	0.52337	0.52337	0.21415	0.34358	0.24714	0.0087756
596	-0.2551	-0.2551	-0.42957	-0.039592	-0.50128	0.52126	0.52126	0.21356	0.34254	0.24638	0.0086614
597	-0.25409	-0.25409	-0.42798	-0.038941	-0.49946	0.51915	0.51915	0.21298	0.34148	0.24561	0.0085476
598	-0.25308	-0.25308	-0.42637	-0.038272	-0.4976	0.51703	0.51703	0.21239	0.34041	0.24484	0.0084341
599	-0.25205	-0.25205	-0.42474	-0.037587	-0.49573	0.51488	0.51488	0.21179	0.33933	0.24405	0.0083206
600	-0.251	-0.251	-0.42309	-0.036885	-0.49382	0.51271	0.51271	0.21118	0.33823	0.24325	0.0082074
601	-0.24994	-0.24994	-0.42141	-0.036163	-0.49189	0.51052	0.51052	0.21056	0.33711	0.24244	0.0080943
602	-0.24887	-0.24887	-0.41971	-0.0354	-0.48993	0.50834	0.50834	0.20994	0.33598	0.24163	0.0079817
603	-0.24778	-0.24778	-0.41798	-0.034617	-0.48794	0.50613	0.50613	0.20931	0.33483	0.2408	0.0078692
604	-0.24667	-0.24667	-0.41624	-0.033815	-0.48593	0.5039	0.5039	0.20866	0.33366	0.23996	0.0077569
605	-0.24556	-0.24556	-0.41446	-0.032993	-0.48389	0.50164	0.50164	0.20801	0.33247	0.23911	0.0076447
606	-0.24442	-0.24442	-0.41267	-0.032147	-0.48182	0.49937	0.49937	0.20735	0.33127	0.23824	0.0075328
607	-0.24327	-0.24327	-0.41085	-0.031257	-0.47972	0.4971	0.4971	0.20668	0.33005	0.23737	0.0074212
608	-0.24211	-0.24211	-0.40901	-0.030343	-0.4776	0.4948	0.4948	0.206	0.32881	0.23648	0.0073098
609	-0.24093	-0.24093	-0.40714	-0.029404	-0.47545	0.49247	0.49247	0.20531	0.32755	0.23558	0.0071986
610	-0.23974	-0.23974	-0.40525	-0.02844	-0.47327	0.49012	0.49012	0.2046	0.32627	0.23467	0.0070875
611	-0.23853	-0.23853	-0.40334	-0.027447	-0.47106	0.48775	0.48775	0.20388	0.32498	0.23374	0.0069766
612	-0.23731	-0.23731	-0.40139	-0.026403	-0.46882	0.48537	0.48537	0.20316	0.32366	0.2328	0.006866
613	-0.23607	-0.23607	-0.39943	-0.025327	-0.46655	0.48297	0.48297	0.20242	0.32232	0.23184	0.0067556
614	-0.23482	-0.23482	-0.39744	-0.024218	-0.46426	0.48053	0.48053	0.20166	0.32096	0.23087	0.0066454
615	-0.23356	-0.23356	-0.39542	-0.023075	-0.46193	0.47807	0.47807	0.20089	0.31958	0.22989	0.0065353
616	-0.23228	-0.23228	-0.39338	-0.021891	-0.45957	0.47558	0.47558	0.20011	0.31818	0.22889	0.0064254
617	-0.23098	-0.23098	-0.39132	-0.020646	-0.45719	0.47308	0.47308	0.19931	0.31675	0.22787	0.0063157
618	-0.22967	-0.22967	-0.38923	-0.019355	-0.45477	0.47055	0.47055	0.1985	0.3153	0.22683	0.0062062
619	-0.22835	-0.22835	-0.38711	-0.018015	-0.45233	0.46799	0.46799	0.19767	0.31382	0.22578	0.0060968
620	-0.22702	-0.22702	-0.38497	-0.016621	-0.44985	0.46539	0.46539	0.19681	0.31232	0.2247	0.0059875
621	-0.22567	-0.22567	-0.3828	-0.015164	-0.44734	0.46276	0.46276	0.19594	0.31079	0.22361	0.0058782
622	-0.22431	-0.22431	-0.38061	-0.013617	-0.4448	0.46012	0.46012	0.19505	0.30924	0.2225	0.0057691
623	-0.22293	-0.22293	-0.37839	-0.011993	-0.44223	0.45743	0.45743	0.19413	0.30765	0.22136	0.00566
624	-0.22155	-0.22155	-0.37614	-0.010279	-0.43964	0.45471	0.45471	0.19319	0.30604	0.2202	0.0055509
625	-0.22016	-0.22016	-0.37388	-0.0084604	-0.43701	0.45195	0.45195	0.19221	0.30438	0.21901	0.0054417
626	-0.21876	-0.21876	-0.37158	-0.0065138	-0.43435	0.44915	0.44915	0.19121	0.3027	0.21779	0.0053323
627	-0.21736	-0.21736	-0.36927	-0.0043915	-0.43166	0.44632	0.44632	0.19016	0.30097	0.21653	0.0052227
628	-0.21595	-0.21595	-0.36693	-0.0020737	-0.42894	0.44345	0.44345	0.18907	0.2992	0.21524	0.0051125
629	-0.21456	-0.21456	-0.36458	-0.00076637	-0.4262	0.44051	0.44051	0.18791	0.29738	0.2139	0.0050016
630	-0.21314	-0.21314	-0.3622	0.0023656	-0.42342	0.43755	0.43755	0.18675	0.29553	0.21254	0.0048914
631	-0.21169	-0.21169	-0.35977	0.0042861	-0.4206	0.43455	0.43455	0.18559	0.29367	0.21119	0.0047824
632	-0.2102	-0.2102	-0.3573	0.0061579	-0.41772	0.43154	0.43154	0.18444	0.2918	0.20982	0.0046747
633	-0.20868	-0.20868	-0.35478	0.0079723	-0.4148	0.4285	0.4285	0.18329	0.28991	0.20846	0.0045681
634	-0.20712	-0.20712	-0.35223	0.0097352	-0.41183	0.42542	0.42542	0.18215	0.288	0.20708	0.0044627
635	-0.20553	-0.20553	-0.34963	0.011451	-0.40882	0.42231	0.42231	0.18101	0.28607	0.2057	0.0043583
636	-0.20391	-0.20391	-0.34699	0.013127	-0.40575	0.41917	0.41917	0.17987	0.28413	0.20431	0.004255
637	-0.20226	-0.20226	-0.3443	0.014772	-0.40264	0.416	0.416	0.17873	0.28216	0.20292	0.0041527
638	-0.20057	-0.20057	-0.34157	0.016379	-0.39947	0.41279	0.41279	0.17758	0.28018	0.20151	0.0040513
639	-0.19885	-0.19885	-0.33879	0.017952	-0.39625	0.40955	0.40955	0.17644	0.27817	0.20009	0.0039509
640	-0.19709	-0.19709	-0.33597	0.019493	-0.39298	0.40626	0.40626	0.17528	0.27613	0.19866	0.0038514
641	-0.1953	-0.1953	-0.3331	0.021004	-0.38966	0.40294	0.40294	0.17413	0.27408	0.19721	0.0037529
642	-0.19348	-0.19348	-0.33018	0.022491	-0.38629	0.39958	0.39958	0.17297	0.27199	0.19575	0.0036552
643	-0.19162	-0.19162	-0.32722	0.02395	-0.38285	0.39617	0.39617	0.1718	0.26988	0.19428	0.0035585
644	-0.18972	-0.18972	-0.3242	0.025384	-0.37936	0.39272	0.39272	0.17062	0.26774	0.19279	0.0034626
645	-0.18779	-0.18779	-0.32113	0.026792	-0.37582	0.38922	0.38922	0.16944	0.26558	0.19129	0.0033676
646	-0.18582	-0.18582	-0.31801	0.028177	-0.37221	0.38568	0.38568	0.16824	0.26338	0.18977	0.0032735
647	-0.18381	-0.18381	-0.31484	0.029542	-0.36854	0.38209	0.38209	0.16704	0.26115	0.18823	0.0031802
648	-0.18176	-0.18176	-0.31161	0.030885	-0.36481	0.37845	0.37845	0.16582	0.25889	0.18667	0.0030878
649	-0.17968	-0.17968	-0.30832	0.032206	-0.36102	0.37475	0.37475	0.1646	0.2566	0.1851	0.0029963
650	-0.17755	-0.17755	-0.30498	0.033506	-0.35716	0.371	0.371	0.16336	0.25427	0.1835	0.0029056
651	-0.17538	-0.17538	-0.30157	0.034785	-0.35323	0.3672	0.3672	0.16211	0.2519	0.18188	0.0028158
652	-0.17316	-0.17316	-0.29811	0.036047	-0.34923	0.36334	0.36334	0.16084	0.2495	0.18024	0.0027268
653	-0.1709	-0.1709	-0.29458	0.037288	-0.34515	0.35941	0.35941	0.15957	0.24706	0.17858	0.0026387
654	-0.16859	-0.16859	-0.29098	0.03851	-0.341	0.35543	0.35543	0.15827	0.24458	0.1769	0.0025515
655	-0.16624	-0.16624	-0.28731	0.039712	-0.33678	0.35138	0.35138	0.15696	0.24206	0.17518	0.0024651
656	-0.16384	-0.16384	-0.28358	0.040895	-0.33247	0.34725	0.34725	0.15563	0.2395	0.17345	0.0023797
657	-0.16138	-0.16138	-0.27977	0.04206	-0.32808	0.34307	0.34307	0.15429	0.23689	0.17168	0.0022951
658	-0.15887	-0.15887	-0.27589	0.043205	-0.3236	0.3388	0.3388	0.15292	0.23423	0.16989	0.0022114
659	-0.1563	-0.1563	-0.27192	0.04433	-0.31903	0.33446	0.33446	0.15153	0.23152	0.16806	0.0021286
660	-0.15368	-0.15368	-0.26787	0.045436	-0.31437	0.33004	0.33004	0.15012	0.22877	0.16621	0.0020467
661	-0.151	-0.151	-0.26374	0.046522	-0.30961	0.32554	0.32554	0.14869	0.22596	0.16432	0.0019657
662	-0.14825	-0.14825	-0.25952	0.047588	-0.30474	0.32095	0.32095	0.14724	0.22309	0.1624	0.0018856
663	-0.14543	-0.14543	-0.2552	0.048633	-0.29977	0.31627	0.31627	0.14575	0.22017	0.16044	0.0018065
664	-0.14255	-0.14255	-0.25079	0.049657	-0.29469	0.31149	0.31149	0.14424	0.21718	0.15844	0.0017284
665	-0.13959	-0.13959	-0.24627	0.050659	-0.28949	0.30661	0.30661	0.1427	0.21413	0.1564	0.0016512
666	-0.13655	-0.13655	-0.24164	0.051638	-0.28417	0.30162	0.30162	0.14113	0.21101	0.15432	0.0015749
667	-0.13343	-0.13343	-0.2369	0.052593	-0.27871	0.29652	0.29652	0.13953	0.20782	0.15219	0.0014997
668	-0.13022	-0.13022	-0.23203	0.053523	-0.27312	0.2913	0.2913	0.13788	0.20455	0.15002	0.0014255
669	-0.12692	-0.12692	-0.22704	0.054427	-0.26738	0.28596	0.28596	0.1362	0.2012	0.14779	0.0013523
670	-0.12352	-0.12352	-0.22191	0.055303	-0.26148	0.28048	0.28048	0.13448	0.19777	0.14551	0.0012801
671	-0.12002	-0.12002	-0.21664	0.056149	-0.25542	0.27486	0.27486	0.13271	0.19424	0.14317	0.001209
672	-0.1164	-0.1164	-0.2112	0.056963	-0.24918	0.26909	0.26909	0.1309	0.19062	0.14077	0.0011389
673	-0.11265	-0.11265	-0.20561	0.057742	-0.24275	0.26315	0.26315	0.12902	0.18689	0.1383	0.00107
674	-0.10877	-0.10877	-0.19983	0.058483	-0.23611	0.25703	0.25703	0.12709	0.18305	0.13575	0.0010022
675	-0.10474	-0.10474	-0.19385	0.059183	-0.22926	0.25073	0.25073	0.1251	0.17909	0.13312	0.00093548
676	-0.10055	-0.10055	-0.18767	0.059837	-0.22216	0.24421	0.24421	0.12303	0.17499	0.13041	0.00086996
677	-0.096184	-0.096184	-0.18125	0.06044	-0.2148	0.23748	0.23748	0.12089	0.17074	0.1276	0.00080563
678	-0.091614	-0.091614	-0.17458	0.060984	-0.20715	0.23049	0.23049	0.11865	0.16634	0.12468	0.00074252
679	-0.086818	-0.086818	-0.16762	0.061462	-0.19918	0.22322	0.22322	0.11631	0.16175	0.12164	0.00068065
680	-0.081764	-0.081764	-0.16035	0.061863	-0.19086	0.21565	0.21565	0.11385	0.15696	0.11846	0.00062004
681	-0.076413	-0.076413	-0.15273	0.062173	-0.18214	0.20773	0.20773	0.11126	0.15195	0.11513	0.00056074
682	-0.07071	-0.07071	-0.1447	0.062374	-0.17296	0.19941	0.19941	0.10851	0.14667	0.11162	0.00050276
683	-0.064586	-0.064586	-0.13621	0.062442	-0.16326	0.19064	0.19064	0.10556	0.14109	0.10789	0.00044612
684	-0.057939	-0.057939	-0.12717	0.062341	-0.15294	0.18132	0.18132	0.10237	0.13514	0.10391	0.00039084
685	-0.050619	-0.050619	-0.11749	0.062019	-0.14191	0.17136	0.17136	0.098877	0.12875	0.099598	0.00033691
686	-0.042383	-0.042383	-0.10704	0.06139	-0.13	0.16058	0.16058	0.094973	0.12179	0.094868	0.00028429
687	-0.032775	-0.032775	-0.095634	0.0603	-0.11702	0.14876	0.14876	0.090478	0.11406	0.089549	0.0002328
688	-0.020713	-0.020713	-0.083084	0.058401	-0.10272	0.13543	0.13543	0.085001	0.10516	0.083298	0.00018192
689	-0.0008147	-0.0008147	-0.069775	0.054153	-0.087245	0.1193	0.1193	0.076966	0.09371	0.074797	0.00012832
690	0.022779	0.022779	-0.053868	0.048608	-0.068814	0.099981	0.099981	0.067055	0.079863	0.064437	7.9189e-005
691	0.037074	0.037074	-0.026438	0.045257	-0.040227	0.077798	0.077798	0.05835	0.065466	0.054465	4.3486e-005
692	0.039639	0.039639	0.034918	0.034899	0.034918	0.038341	0.038341	0.040278	0.039165	0.035323	9.2819e-006
