;LAP Aft Skirt Orifice Flow Temperatures (R)
#I=0,692,1; vent_c1d2_las.vsm  @ Fri Jan 16 14:19:56 1998
0	535.53	535.53	551.04	550.88	551.04	539.61	539.61	526.32	525.16	567.22	1876.8
1	515	515	515	515	515	515	515	515	515	515	1870.9
2	515.03	515.03	515.03	515.03	515.03	515.03	515.03	515.03	515.03	515.03	1865
3	515.09	515.09	515.09	515.09	515.09	515.09	515.09	515.09	515.09	515.09	1859
4	515.2	515.2	515.2	515.2	515.2	515.2	515.2	515.2	515.2	515.2	1853.1
5	515.35	515.35	515.35	515.35	515.35	515.35	515.35	515.35	515.35	515.35	1847.2
6	515.56	515.56	515.56	515.56	515.56	515.56	515.56	515.56	515.56	515.56	1820.4
7	515.82	515.82	515.82	515.82	515.82	515.82	515.82	515.82	515.82	515.82	1793.6
8	516.15	516.15	516.15	516.15	516.15	516.15	516.15	516.15	516.15	516.15	1766.8
9	516.54	516.54	516.54	516.54	516.54	516.54	516.54	516.54	516.54	516.54	1740
10	517	517	517	517	517	517	517	517	517	517	1713.2
11	517.53	517.53	517.53	517.53	517.53	517.53	517.53	517.53	517.53	517.53	1688.1
12	518.14	518.14	518.14	518.14	518.14	518.14	518.14	518.14	518.14	518.14	1663.1
13	518.81	518.81	518.81	518.81	518.81	518.81	518.81	518.81	518.81	518.81	1638.1
14	519.57	519.57	519.57	519.57	519.57	519.57	519.57	519.57	519.57	519.57	1613
15	520.4	520.4	520.4	520.4	520.4	520.4	520.4	520.4	520.4	520.4	1588
16	521.31	521.31	521.31	521.31	521.31	521.31	521.31	521.31	521.31	521.31	1565.1
17	522.08	522.08	522.08	522.08	522.08	522.08	522.08	522.08	522.08	522.08	1542.2
18	522.51	522.51	522.51	522.51	522.51	522.51	522.51	522.51	522.51	522.51	1519.3
19	522.69	522.69	522.69	522.69	522.69	522.69	522.69	522.69	526.38	522.69	1496.5
20	522.74	522.74	522.74	522.74	522.74	522.74	522.74	522.74	526.52	522.74	522.74
21	522.74	522.74	522.74	522.74	522.74	522.74	522.74	522.74	522.74	522.74	522.74
22	522.74	522.74	522.74	522.74	522.74	522.74	522.74	522.74	522.74	522.74	1424.6
23	522.76	522.76	522.76	522.76	522.76	522.76	522.76	522.76	522.76	522.76	1400.1
24	522.81	522.81	522.81	522.81	522.81	522.81	522.81	522.81	522.81	522.81	1375.6
25	522.9	522.9	522.9	522.9	522.9	522.9	522.9	522.9	522.9	522.9	1351.1
26	523.06	523.06	523.06	523.06	523.06	523.06	523.06	523.06	523.06	523.06	1330.5
27	523.28	523.28	523.28	523.28	523.28	523.28	523.28	523.28	523.28	523.28	1309.9
28	523.58	523.58	523.58	523.58	523.58	523.58	523.58	523.58	528.22	523.58	1289.3
29	524	524	524	524	524	524	524	524	528.46	524	1268.7
30	524.52	524.52	524.52	524.52	524.52	524.52	524.52	524.52	528.71	524.52	1248.1
31	525.16	525.16	525.16	530.55	525.16	525.16	525.16	525.16	529	525.16	1231
32	525.94	525.94	525.94	529.87	525.94	525.94	525.94	525.94	529.29	525.94	1214
33	526.85	526.85	526.85	529.19	526.85	526.85	526.85	526.85	529.59	526.85	1197
34	527.86	527.86	527.86	528.51	527.86	527.86	527.86	527.86	529.88	527.86	1180
35	528.95	528.95	528.95	527.83	528.95	528.95	528.95	528.95	530.17	528.95	1163
36	530.12	530.12	530.12	527.21	530.12	530.12	530.12	530.12	530.5	530.12	1149
37	531.37	531.37	531.37	526.6	531.37	531.37	531.37	531.37	530.83	531.37	1135
38	532.7	532.7	532.7	525.98	532.7	532.7	532.7	532.7	531.17	532.7	1120.9
39	534.1	534.1	534.1	525.37	534.1	534.1	534.1	534.1	531.5	534.1	1106.9
40	535.57	535.57	535.57	524.75	535.57	535.57	535.57	535.57	531.83	535.57	1092.9
41	537.14	537.14	537.14	524.22	537.14	537.14	537.14	537.14	532.19	537.14	1126
42	538.82	538.82	538.82	523.69	538.82	538.82	538.82	538.82	532.56	538.82	1159.2
43	540.62	540.62	540.62	523.16	540.62	540.62	540.62	540.62	532.92	540.62	1192.4
44	542.54	542.54	542.54	522.63	542.54	542.54	542.54	542.54	533.29	542.54	1225.5
45	544.58	544.58	544.58	522.1	544.58	544.58	544.58	544.58	533.65	544.58	1258.7
46	546.75	546.75	546.75	521.68	546.75	546.75	546.75	546.75	534.04	546.75	1304.2
47	549.03	549.03	549.03	521.25	549.03	549.03	549.03	549.03	534.43	549.03	1349.7
48	551.43	551.43	551.43	520.83	551.43	551.43	551.43	551.43	534.82	551.43	1395.2
49	553.96	553.96	553.96	520.4	553.96	553.96	553.96	553.96	535.21	553.96	1440.7
50	556.6	556.6	556.6	519.98	556.6	556.6	556.6	556.6	535.6	556.6	1486.1
51	559.39	559.39	559.39	519.71	559.39	559.39	559.39	559.39	536.02	559.39	1545.2
52	562.32	562.32	562.32	519.44	562.32	562.32	562.32	562.32	536.44	562.32	1604.2
53	565.4	565.4	565.4	519.16	565.4	565.4	565.4	565.4	536.86	565.4	1663.2
54	568.67	568.67	568.67	518.89	568.67	568.67	568.67	568.67	537.28	568.67	1722.2
55	572.25	572.25	572.25	518.62	572.25	572.25	572.25	572.25	537.7	572.25	1781.2
56	576.16	576.16	576.16	518.54	576.16	576.16	576.16	576.16	538.16	576.16	1851
57	580.32	580.32	580.32	518.47	580.32	541.41	541.41	580.32	538.62	580.32	1920.9
58	584.53	584.53	584.53	518.39	584.53	584.53	584.53	584.53	539.08	584.53	1990.8
59	588.83	588.83	588.83	518.32	588.83	588.83	588.83	588.83	539.54	588.83	2060.6
60	593.31	593.31	593.31	518.24	593.31	593.31	593.31	593.31	540	593.31	2130.5
61	597.98	597.98	597.98	518.42	597.98	597.98	597.98	597.98	540.52	597.98	2125.1
62	602.78	602.78	602.78	518.6	602.78	602.78	602.78	602.78	541.04	602.78	2119.8
63	607.72	607.72	607.72	518.77	607.72	607.72	607.72	607.72	541.56	607.72	2114.4
64	612.78	612.78	612.78	518.95	612.78	612.78	612.78	612.78	542.08	612.78	2109.1
65	617.97	617.97	617.97	617.97	617.97	617.97	617.97	617.97	542.6	617.97	2103.8
66	623.35	623.35	623.35	623.35	623.35	623.35	623.35	623.35	623.35	623.35	2093.9
67	629.13	629.13	629.13	629.13	629.13	629.13	629.13	629.13	629.13	629.13	2084.1
68	635.49	635.49	635.49	635.49	635.49	635.49	635.49	635.49	635.49	635.49	2074.3
69	642.44	642.44	642.44	642.44	642.44	642.44	642.44	642.44	642.44	642.44	2064.5
70	650.02	650.02	650.02	650.02	650.02	650.02	650.02	650.02	650.02	650.02	2054.7
71	658.25	658.25	658.25	658.25	658.25	658.25	658.25	658.25	658.25	658.25	2048.9
72	667.18	667.18	667.18	667.18	667.18	667.18	667.18	667.18	667.18	667.18	2043.1
73	676.83	676.83	676.83	676.83	676.83	676.83	676.83	676.83	676.83	676.83	2037.3
74	687.25	687.25	687.25	687.25	687.25	687.25	687.25	687.25	687.25	687.25	2031.5
75	698.47	698.47	698.47	698.47	698.47	698.47	698.47	698.47	698.47	698.47	2025.6
76	710.38	710.38	710.38	710.38	710.38	710.38	710.38	710.38	710.38	710.38	2021.6
77	722.47	722.47	722.47	722.47	722.47	722.47	722.47	722.47	722.47	722.47	2017.5
78	734.84	734.84	734.84	734.84	734.84	734.84	734.84	734.84	734.84	734.84	2013.4
79	747.42	747.42	747.42	747.42	747.42	747.42	747.42	747.42	747.42	747.42	2009.4
80	760.19	760.19	760.19	760.19	760.19	760.19	760.19	760.19	760.19	760.19	2005.3
81	773.16	773.16	773.16	773.16	773.16	773.16	773.16	773.16	773.16	773.16	2004.6
82	786.33	786.33	786.33	786.33	786.33	786.33	786.33	786.33	786.33	786.33	2003.9
83	799.7	799.7	799.7	799.7	799.7	799.7	799.7	799.7	799.7	799.7	2003.1
84	813.26	813.26	813.26	813.26	813.26	813.26	813.26	813.26	813.26	813.26	2002.4
85	827.03	827.03	827.03	827.03	827.03	827.03	827.03	827.03	827.03	827.03	2001.7
86	841	841	841	841	841	841	841	841	841	841	2002.9
87	855.19	855.19	855.19	855.19	855.19	855.19	855.19	855.19	855.19	855.19	2004.1
88	869.34	869.34	869.34	547.24	869.34	869.34	869.34	869.34	561.36	869.34	2005.4
89	882.95	882.95	882.95	549.53	882.95	882.95	882.95	882.95	562.42	882.95	2006.6
90	896.28	896.28	896.28	551.83	896.28	896.28	896.28	896.28	896.28	896.28	2007.8
91	909.24	909.24	909.24	555.57	909.24	909.24	909.24	909.24	909.24	909.24	2008.9
92	921.66	921.66	921.66	559.32	921.66	921.66	921.66	921.66	921.66	921.66	2010
93	933.48	933.48	933.48	563.06	933.48	933.48	933.48	933.48	933.48	933.48	2011.1
94	944.64	944.64	944.64	566.81	944.64	944.64	944.64	944.64	944.64	944.64	2012.2
95	955.18	955.18	955.18	570.55	955.18	955.18	955.18	955.18	955.18	955.18	2013.3
96	965.28	965.28	965.28	576.6	965.28	965.28	965.28	965.28	965.28	965.28	2014.9
97	974.99	974.99	974.99	582.65	974.99	974.99	974.99	974.99	974.99	974.99	2016.5
98	984.35	984.35	984.35	588.69	984.35	984.35	984.35	984.35	984.35	984.35	2018.1
99	993.48	993.48	993.48	594.74	993.48	993.48	993.48	993.48	993.48	993.48	2019.7
100	1002.7	1002.7	1002.7	1002.7	1002.7	1002.7	1002.7	1002.7	1002.7	1002.7	2021.3
101	1012.1	1012.1	1012.1	607.09	1012.1	1012.1	1012.1	1012.1	577.09	1012.1	2018.8
102	1019.5	1019.5	1019.5	613.4	1019.5	1019.5	1019.5	1019.5	578.45	1019.5	2016.3
103	1026	1026	1026	619.7	1026	1026	1026	1026	579.82	1026	2013.8
104	1031.7	1031.7	1031.7	626.01	1031.7	1031.7	1031.7	1031.7	581.18	1031.7	2011.3
105	1036.7	1036.7	1036.7	632.31	1036.7	1036.7	1036.7	1036.7	582.55	1036.7	2008.8
106	1041.1	1041.1	1041.1	638.27	1041.1	1041.1	1041.1	1041.1	584	1041.1	2005.5
107	1044.9	1044.9	1044.9	644.22	1044.9	1044.9	1044.9	1044.9	585.45	1044.9	2002.2
108	1048.1	1048.1	1048.1	650.18	1048.1	1048.1	1048.1	1048.1	586.9	1048.1	1999
109	1050.5	1050.5	1050.5	656.13	1050.5	1050.5	1050.5	1050.5	588.35	1050.5	1995.7
110	1051.7	1051.7	1051.7	662.09	1051.7	1051.7	1051.7	1051.7	589.8	1051.7	1992.4
111	1052.4	1052.4	1052.4	667.51	1052.4	1052.4	1052.4	1052.4	591.32	1052.4	1988.8
112	1052.9	1052.9	1052.9	672.92	1052.9	1052.9	1052.9	1052.9	592.84	1052.9	1985.3
113	1053.3	1053.3	1053.3	678.34	1053.3	1053.3	1053.3	1053.3	594.36	1053.3	1981.7
114	1053.7	1053.7	1053.7	683.75	1053.7	1053.7	1053.7	1053.7	595.88	1053.7	1978.1
115	1054	1054	1054	689.17	1054	1054	1054	1054	597.4	1054	1974.5
116	1054.6	1054.6	1054.6	693.94	1054.6	1054.6	1054.6	1054.6	598.98	1054.6	1970.5
117	1055.8	1055.8	1055.8	1055.8	1055.8	1055.8	1055.8	1055.8	1055.8	1055.8	1966.4
118	1056.4	1056.4	1056.4	703.47	1056.4	1056.4	1056.4	1056.4	602.13	1056.4	1962.4
119	1055.7	1055.7	1055.7	708.23	1055.7	1055.7	1055.7	1055.7	603.71	1055.7	1958.3
120	1054.9	1054.9	1054.9	713	1054.9	1054.9	1054.9	1054.9	605.29	1054.9	1954.3
121	1054.4	1054.4	1054.4	716.8	1054.4	1054.4	1054.4	1054.4	606.91	1054.4	1951.9
122	1054.3	1054.3	1054.3	720.6	1054.3	1054.3	1054.3	1054.3	608.53	1054.3	1949.6
123	1054.9	1054.9	1054.9	1054.9	1054.9	1054.9	1054.9	1054.9	1054.9	1054.9	1947.3
124	1055.6	1055.6	1055.6	1055.6	1055.6	1055.6	1055.6	1055.6	1055.6	1055.6	1944.9
125	1056.2	1056.2	1056.2	1056.2	1056.2	1056.2	1056.2	1056.2	1056.2	1056.2	1942.6
126	1056.7	1056.7	1056.7	1056.7	1056.7	1056.7	1056.7	1056.7	1056.7	1056.7	1922.3
127	1057.2	1057.2	1057.2	1057.2	1057.2	1057.2	1057.2	1057.2	1057.2	1057.2	1902
128	1057.4	1057.4	1057.4	1057.4	1057.4	1057.4	1057.4	1057.4	1057.4	1057.4	1881.6
129	1057.5	1057.5	1057.5	1057.5	1057.5	1057.5	1057.5	1057.5	1057.5	1057.5	1861.3
130	1057.5	1057.5	1057.5	1057.5	1057.5	1057.5	1057.5	1057.5	1057.5	1057.5	1057.5
131	1057.3	1057.3	1057.3	738.39	1057.3	1057.3	1057.3	1057.3	621.96	1057.3	1057.3
132	1047.9	1047.9	1047.9	737.18	1047.9	1047.9	1047.9	1047.9	623.62	644.83	1644
133	1027.1	1027.1	734.81	735.97	1027.1	1027.1	1027.1	1027.1	625.27	644.82	1479.8
134	1001.4	1001.4	733.61	734.76	1001.4	1001.4	1001.4	1001.4	626.93	644.81	1315.6
135	975.73	975.73	732.42	733.55	975.73	975.73	975.73	975.73	628.59	644.81	1151.4
136	951.05	951.05	951.05	734.85	951.05	951.05	951.05	951.05	630.23	646.04	1052.3
137	929.74	929.74	929.74	746.18	929.74	929.74	929.74	929.74	631.86	652.24	1213.4
138	913.13	913.13	913.13	757.52	913.13	913.13	913.13	913.13	633.48	658.44	1374.5
139	901.29	901.29	901.29	768.86	901.29	901.29	901.29	901.29	635.11	664.64	1535.7
140	893.89	893.89	893.89	780.19	893.89	893.89	893.89	893.89	636.73	670.84	1696.8
141	890.24	890.24	890.24	791.99	890.24	890.24	890.24	890.24	638.35	890.24	1821.1
142	887.31	887.31	887.31	805.62	887.31	887.31	887.31	887.31	639.93	887.31	1798.5
143	884.72	884.72	884.72	819.25	884.72	884.72	884.72	884.72	641.52	884.72	1775.9
144	882.99	882.99	882.99	832.89	882.99	882.99	882.99	882.99	643.11	882.99	1753.2
145	882.04	882.04	882.04	846.52	882.04	882.04	882.04	882.04	644.69	882.04	1730.6
146	881.78	881.78	881.78	858.81	881.78	881.78	881.78	881.78	646.27	881.78	1708.3
147	881.92	881.92	881.92	865.72	881.92	881.92	881.92	881.92	647.82	881.92	1687.4
148	882.32	882.32	882.32	872.63	882.32	882.32	882.32	882.32	649.37	882.32	1666.5
149	882.94	882.94	882.94	879.54	882.94	882.94	882.94	882.94	650.92	882.94	1645.6
150	883.75	883.75	883.75	886.44	883.75	883.75	883.75	883.75	652.47	883.75	1624.7
151	884.83	884.83	884.83	892.42	884.83	884.83	884.83	884.83	654.01	884.83	1607.5
152	886.79	886.79	886.79	894.66	886.79	886.79	886.79	886.79	655.53	886.79	1605
153	889.76	889.76	889.76	896.9	889.76	889.76	889.76	889.76	657.04	889.76	1602.5
154	893.56	893.56	893.56	899.14	893.56	893.56	893.56	893.56	658.55	893.56	1599.9
155	896.02	896.02	896.02	901.38	896.02	896.02	896.02	896.02	660.07	896.02	1597.4
156	896.99	896.99	896.99	903.05	896.99	896.99	896.99	896.99	661.57	896.99	1591.7
157	898.1	898.1	898.1	902.42	898.1	898.1	898.1	898.1	663.05	898.1	1573
158	899.4	899.4	899.4	901.8	899.4	899.4	899.4	899.4	664.52	899.4	1554.3
159	902.02	902.02	900.61	901.17	902.02	902.02	902.02	902.02	665.99	902.02	1535.7
160	907.31	907.31	899.99	900.55	907.31	907.31	907.31	907.31	667.46	772.62	1517
161	913.73	913.73	899.09	899.64	913.73	913.73	913.73	913.73	668.92	775.14	1483.6
162	920.85	920.85	897.07	897.61	897.07	920.85	920.85	920.85	670.34	776.76	1391.1
163	928.38	928.38	895.04	895.58	895.04	928.38	928.38	928.38	671.76	778.39	1298.6
164	935.27	935.27	893.02	893.54	893.02	935.27	935.27	935.27	673.18	780.02	1206.1
165	941.31	941.31	890.99	891.51	890.99	941.31	941.31	941.31	674.6	781.65	1113.6
166	946.4	946.4	888.14	888.65	888.14	946.4	946.4	946.4	676	946.4	1038
167	950.79	950.79	882	882.5	882	950.79	950.79	950.79	677.35	950.79	1030.3
168	954.41	954.41	875.85	876.35	875.85	954.41	954.41	954.41	678.7	954.41	1022.6
169	957.3	957.3	869.71	870.21	869.71	957.3	957.3	957.3	680.06	957.3	1014.9
170	959.52	959.52	863.57	864.06	863.57	959.52	959.52	959.52	681.41	959.52	1007.1
171	961.13	961.13	857.57	858.06	857.57	961.13	961.13	961.13	682.74	961.13	1000.5
172	962.37	962.37	852.2	852.68	852.2	962.37	962.37	962.37	684.01	962.37	997.87
173	963.35	963.35	846.82	847.3	846.82	963.35	963.35	963.35	685.28	963.35	995.29
174	964.07	964.07	841.44	841.91	841.44	964.07	964.07	964.07	686.55	964.07	992.71
175	964.54	964.54	836.06	836.53	836.06	964.54	964.54	964.54	687.82	964.54	990.13
176	964.77	964.77	830.82	831.27	830.82	964.77	964.77	964.77	689.07	964.77	987.57
177	964.82	964.82	826.1	826.55	826.1	964.82	964.82	964.82	690.25	964.82	985.09
178	964.69	964.69	821.38	821.82	821.38	964.69	964.69	964.69	691.42	964.69	982.62
179	964.4	964.4	816.66	817.1	816.66	964.4	964.4	964.4	692.59	964.4	980.14
180	963.95	963.95	811.94	812.37	811.94	963.95	963.95	963.95	693.76	963.95	977.67
181	963.34	963.34	807.33	807.76	807.33	963.34	963.34	963.34	694.91	963.34	975.21
182	962.61	962.61	803.17	803.59	803.17	962.61	962.61	962.61	695.98	962.61	972.83
183	961.78	961.78	799.01	799.43	799.01	961.78	961.78	961.78	697.05	961.78	970.46
184	960.84	960.84	794.85	795.27	794.85	960.84	960.84	960.84	698.11	960.84	968.08
185	959.81	959.81	790.7	791.1	790.7	959.81	959.81	959.81	699.18	959.81	965.71
186	958.67	958.67	786.63	787.03	786.63	958.67	958.67	958.67	700.22	958.67	963.35
187	957.52	957.52	782.94	783.34	782.94	957.52	957.52	957.52	701.18	957.52	961.07
188	956.37	956.37	779.26	779.64	779.26	956.37	956.37	956.37	702.14	956.37	958.79
189	955.22	955.22	775.57	775.95	775.57	955.22	955.22	955.22	703.1	955.22	956.5
190	954.05	954.05	771.88	772.26	771.88	954.05	954.05	954.05	704.05	954.05	954.22
191	952.86	952.86	768.27	768.64	768.27	952.86	952.86	952.86	704.99	952.86	951.96
192	951.66	951.66	764.97	765.34	764.97	951.66	951.66	951.66	705.84	951.66	949.76
193	950.44	950.44	761.68	762.04	761.68	950.44	950.44	950.44	706.69	950.44	947.57
194	949.21	949.21	758.38	758.73	758.38	949.21	949.21	949.21	707.54	949.21	945.38
195	947.95	947.95	755.09	755.43	755.09	947.95	947.95	947.95	708.39	947.95	943.19
196	946.65	946.65	751.86	752.2	751.86	946.65	946.65	946.65	709.22	946.65	941.01
197	945.34	945.34	748.89	749.22	748.89	945.34	945.34	945.34	709.96	945.34	938.9
198	944.02	944.02	745.93	746.25	745.93	944.02	944.02	944.02	710.71	944.02	936.79
199	942.68	942.68	742.97	743.28	742.97	942.68	942.68	942.68	711.45	942.68	934.69
200	941.31	941.31	740	740.31	740	941.31	941.31	941.31	712.19	941.31	932.58
201	939.91	939.91	737.09	737.39	737.09	939.91	939.91	939.91	712.92	939.91	930.49
202	938.5	938.5	734.41	734.7	734.41	938.5	938.5	938.5	713.56	938.5	928.46
203	937.07	937.07	731.72	732.01	731.72	937.07	937.07	937.07	714.21	937.07	926.43
204	935.63	935.63	729.03	729.32	729.03	935.63	935.63	935.63	714.85	935.63	924.41
205	934.17	934.17	726.35	726.63	726.35	934.17	934.17	934.17	715.49	934.17	922.38
206	932.69	932.69	723.71	723.99	723.71	932.69	932.69	932.69	716.12	932.69	920.37
207	931.2	931.2	721.26	721.54	721.26	931.2	931.2	931.2	716.67	931.2	918.42
208	929.7	929.7	718.82	719.09	718.82	929.7	929.7	929.7	717.22	929.7	916.47
209	928.19	928.19	716.37	716.64	716.37	928.19	928.19	928.19	717.77	928.19	914.52
210	926.67	926.67	713.93	714.19	713.93	926.67	926.67	926.67	718.32	926.67	912.57
211	925.13	925.13	711.52	711.78	711.52	925.13	925.13	925.13	718.85	925.13	910.64
212	923.58	923.58	709.28	709.54	709.28	923.58	923.58	923.58	719.31	923.58	908.76
213	922.04	922.04	707.04	707.29	707.04	922.04	922.04	922.04	719.78	922.04	906.88
214	920.49	920.49	704.8	705.05	704.8	920.49	920.49	920.49	720.24	920.49	905.01
215	918.92	918.92	702.56	702.81	702.56	918.92	918.92	918.92	720.7	918.92	903.13
216	917.35	917.35	700.36	700.6	700.36	917.35	917.35	917.35	721.15	917.35	901.27
217	915.78	915.78	698.29	698.53	698.29	915.78	915.78	915.78	721.53	915.78	899.46
218	914.21	914.21	696.23	696.46	696.23	914.21	914.21	914.21	721.91	914.21	897.66
219	912.63	912.63	694.17	694.4	694.17	912.63	912.63	912.63	722.29	912.63	895.85
220	911.05	911.05	692.1	692.33	692.1	911.05	911.05	911.05	722.67	911.05	894.04
221	909.47	909.47	690.07	690.3	690.07	909.47	909.47	909.47	723.03	909.47	892.25
222	907.89	907.89	688.16	688.38	688.16	907.89	907.89	907.89	723.33	907.89	890.51
223	906.31	906.31	686.25	686.47	686.25	906.31	906.31	906.31	723.64	906.31	888.77
224	904.73	904.73	684.34	684.56	684.34	904.73	904.73	904.73	723.94	904.73	887.03
225	903.15	903.15	682.43	682.64	682.43	903.15	903.15	903.15	724.25	903.15	885.29
226	901.56	901.56	680.54	680.75	680.54	901.56	901.56	901.56	724.54	901.56	883.56
227	899.99	899.99	678.77	678.98	678.77	899.99	899.99	899.99	724.78	899.99	881.88
228	898.41	898.41	676.99	677.2	676.99	898.41	898.41	898.41	725.01	898.41	880.2
229	896.84	896.84	675.22	675.43	675.22	896.84	896.84	896.84	725.25	896.84	878.53
230	895.27	895.27	673.44	673.65	673.44	895.27	895.27	895.27	725.49	895.27	876.85
231	893.7	893.7	671.69	671.9	671.69	893.7	893.7	893.7	725.72	893.7	875.19
232	892.14	892.14	670.03	670.24	670.03	892.14	892.14	892.14	725.89	892.14	873.57
233	890.58	890.58	668.37	668.58	668.37	890.58	890.58	890.58	726.07	890.58	871.95
234	889.02	889.02	666.71	666.92	666.71	889.02	889.02	889.02	726.24	889.02	870.33
235	887.47	887.47	665.06	665.27	665.06	887.47	887.47	887.47	726.42	887.47	868.72
236	885.92	885.92	663.42	663.63	663.42	885.92	885.92	885.92	726.58	885.92	867.11
237	884.38	884.38	661.87	662.08	661.87	884.38	884.38	884.38	726.7	884.38	865.55
238	882.84	882.84	660.32	660.52	660.32	882.84	882.84	882.84	726.82	882.84	863.99
239	881.31	881.31	658.76	658.97	658.76	881.31	881.31	881.31	726.94	881.31	862.43
240	879.79	879.79	657.21	657.41	657.21	879.79	879.79	879.79	727.06	879.79	860.87
241	878.26	878.26	655.68	655.88	655.68	878.26	878.26	878.26	727.17	878.26	859.33
242	876.75	876.75	654.22	654.42	654.22	876.75	876.75	876.75	727.24	876.75	857.86
243	875.24	875.24	652.76	652.96	652.76	875.24	875.24	875.24	727.31	875.24	856.39
244	873.74	873.74	651.3	651.5	651.3	873.74	873.74	873.74	727.38	873.74	854.92
245	872.24	872.24	649.85	650.05	649.85	872.24	872.24	872.24	727.45	872.24	853.45
246	870.75	870.75	648.41	648.61	648.41	870.75	870.75	870.75	727.51	870.75	851.99
247	869.26	869.26	647.04	647.24	647.04	869.26	869.26	869.26	727.54	869.26	850.59
248	867.79	867.79	645.67	645.88	645.67	867.79	867.79	867.79	727.56	867.79	849.18
249	866.32	866.32	644.31	644.52	644.31	866.32	866.32	866.32	727.59	866.32	847.78
250	864.86	864.86	642.94	643.15	642.94	864.86	864.86	864.86	727.61	864.86	846.38
251	863.4	863.4	641.59	641.8	641.59	863.4	863.4	863.4	727.63	863.4	844.99
252	861.95	861.95	640.31	640.52	640.31	861.95	861.95	861.95	727.61	861.95	843.63
253	860.51	860.51	639.03	639.24	639.03	860.51	860.51	860.51	727.6	860.51	842.28
254	859.08	859.08	637.74	637.96	637.74	859.08	859.08	859.08	727.59	859.08	840.93
255	857.66	857.66	636.46	636.68	636.46	857.66	857.66	857.66	727.57	857.66	839.57
256	856.24	856.24	635.19	635.41	635.19	856.24	856.24	856.24	727.55	856.24	838.23
257	854.83	854.83	633.98	634.2	633.98	854.83	854.83	854.83	727.5	854.83	836.93
258	853.43	853.43	632.77	633	632.77	853.43	853.43	853.43	727.45	853.43	835.62
259	852.04	852.04	631.56	631.79	631.56	852.04	852.04	852.04	727.4	852.04	834.32
260	850.66	850.66	630.36	630.58	630.36	850.66	850.66	850.66	727.35	850.66	833.01
261	849.28	849.28	629.16	629.39	629.16	849.28	849.28	849.28	727.29	849.28	831.72
262	847.91	847.91	628.02	628.26	628.02	847.91	847.91	847.91	727.21	847.91	830.46
263	846.55	846.55	626.88	627.12	626.88	846.55	846.55	846.55	727.13	846.55	829.2
264	845.2	845.2	625.74	625.98	625.74	845.2	845.2	845.2	727.05	845.2	827.94
265	843.86	843.86	624.6	624.85	624.6	843.86	843.86	843.86	726.97	843.86	826.68
266	842.52	842.52	623.47	623.73	623.47	842.52	842.52	842.52	726.88	842.52	825.43
267	841.2	841.2	622.4	622.65	622.4	841.2	841.2	841.2	726.77	841.2	824.22
268	839.88	839.88	621.32	621.58	621.32	839.88	839.88	839.88	726.66	839.88	823
269	838.57	838.57	620.25	620.5	620.25	838.57	838.57	838.57	726.55	838.57	821.79
270	837.27	837.27	619.17	619.43	619.17	837.27	837.27	837.27	726.45	837.27	820.58
271	835.97	835.97	618.11	618.37	618.11	835.97	835.97	835.97	726.33	835.97	819.37
272	834.69	834.69	617.08	617.35	617.08	834.69	834.69	834.69	726.2	834.69	818.2
273	833.41	833.41	616.06	616.33	616.06	833.41	833.41	833.41	726.07	833.41	817.02
274	832.14	832.14	615.04	615.32	615.04	832.14	832.14	832.14	725.94	832.14	815.85
275	830.88	830.88	614.02	614.3	614.02	830.88	830.88	830.88	725.81	830.88	814.68
276	829.63	829.63	613.01	613.3	613.01	829.63	829.63	829.63	725.67	829.63	813.52
277	828.38	828.38	612.04	612.33	612.04	828.38	828.38	828.38	725.52	828.38	812.45
278	827.15	827.15	611.07	611.37	611.07	827.15	827.15	827.15	725.36	827.15	811.37
279	825.92	825.92	610.1	610.41	610.1	825.92	825.92	825.92	725.21	825.92	810.3
280	824.7	824.7	609.13	609.44	609.13	824.7	824.7	824.7	725.05	824.7	809.22
281	823.48	823.48	608.18	608.49	608.18	823.48	823.48	823.48	724.9	823.48	807.96
282	822.27	822.27	607.26	607.57	607.26	822.27	822.27	822.27	724.72	822.27	806
283	821.08	821.08	606.34	606.65	606.34	821.08	821.08	821.08	724.55	821.08	804.03
284	819.89	819.89	605.42	605.74	605.42	819.89	819.89	819.89	724.38	819.89	802.07
285	818.7	818.7	604.5	604.82	604.5	818.7	818.7	818.7	724.21	818.7	800.11
286	817.53	817.53	603.58	603.92	603.58	817.53	817.53	817.53	724.03	817.53	798.32
287	816.36	816.36	602.71	603.05	602.71	816.36	816.36	816.36	723.84	816.36	797.25
288	815.2	815.2	601.83	602.18	601.83	815.2	815.2	815.2	723.66	815.2	796.17
289	814.04	814.04	600.96	601.31	600.96	814.04	814.04	814.04	723.47	814.04	795.1
290	812.9	812.9	600.08	600.44	600.08	812.9	812.9	812.9	723.28	812.9	794.03
291	811.76	811.76	599.21	599.57	599.21	811.76	811.76	811.76	723.09	811.76	792.96
292	810.62	810.62	598.38	598.75	598.38	810.62	810.62	810.62	722.89	810.62	791.93
293	809.5	809.5	597.55	597.92	597.55	809.5	809.5	809.5	722.69	809.5	790.9
294	808.39	808.39	596.71	597.09	596.71	808.39	808.39	808.39	722.49	808.39	789.88
295	807.28	807.28	595.88	596.26	595.88	807.28	807.28	807.28	722.29	807.28	788.85
296	806.17	806.17	595.05	595.44	595.05	806.17	806.17	806.17	722.09	806.17	787.98
297	805.08	805.08	594.26	594.65	594.26	805.08	805.08	805.08	721.87	805.08	787.77
298	803.99	803.99	593.46	593.87	593.46	803.99	803.99	803.99	721.66	803.99	787.56
299	802.91	802.91	592.67	593.08	592.67	802.91	802.91	802.91	721.45	802.91	787.36
300	801.84	801.84	591.88	592.29	591.88	801.84	801.84	801.84	721.23	801.84	787.15
301	800.77	800.77	591.09	591.51	591.09	800.77	800.77	800.77	721.02	800.77	786.8
302	799.71	799.71	590.33	590.76	590.33	799.71	799.71	799.71	720.79	799.71	785.93
303	798.66	798.66	589.57	590.01	589.57	798.66	798.66	798.66	720.57	798.66	785.06
304	797.61	797.61	588.81	589.25	588.81	797.61	797.61	797.61	720.35	797.61	784.19
305	796.57	796.57	588.06	588.5	588.06	796.57	796.57	796.57	720.13	796.57	783.32
306	795.54	795.54	587.31	587.76	587.31	795.54	795.54	795.54	719.9	795.54	782.61
307	794.51	794.51	586.58	587.04	586.58	794.51	794.51	794.51	719.67	794.51	782.54
308	793.49	793.49	585.86	586.32	585.86	793.49	793.49	793.49	719.44	793.49	782.47
309	792.48	792.48	585.13	585.61	585.13	792.48	792.48	792.48	719.21	792.48	782.4
310	791.48	791.48	584.41	584.89	584.41	791.48	791.48	791.48	718.98	791.48	782.33
311	790.48	790.48	583.69	584.18	583.69	790.48	790.48	790.48	718.74	790.48	782.27
312	789.49	789.49	583	583.5	583	789.49	789.49	789.49	718.5	789.49	782.25
313	788.5	788.5	582.31	582.82	582.31	788.5	788.5	788.5	718.27	788.5	782.23
314	787.52	787.52	581.62	582.14	581.62	787.52	787.52	787.52	718.03	787.52	782.21
315	786.55	786.55	580.93	581.46	580.93	786.55	786.55	786.55	717.79	786.55	782.19
316	785.58	785.58	580.27	580.8	580.27	785.58	785.58	785.58	717.55	785.58	782.21
317	784.63	784.63	579.73	580.27	579.73	784.63	784.63	784.63	717.31	784.63	782.4
318	783.7	783.7	579.2	579.74	579.2	783.7	783.7	783.7	717.06	783.7	782.58
319	782.78	782.78	578.66	579.2	578.66	782.78	782.78	782.78	716.82	782.78	782.76
320	781.88	781.88	578.12	578.67	578.12	781.88	781.88	781.88	716.58	781.88	782.94
321	780.99	780.99	577.6	578.15	577.6	780.99	780.99	780.99	716.33	780.99	783.46
322	780.12	780.12	577.16	577.72	577.16	780.12	780.12	780.12	716.08	780.12	785.3
323	779.27	779.27	576.72	577.29	576.72	779.27	779.27	779.27	715.83	779.27	787.14
324	778.44	778.44	576.28	576.86	576.28	778.44	778.44	778.44	715.58	778.44	788.98
325	777.63	777.63	575.84	576.43	575.84	777.63	777.63	777.63	715.33	777.63	790.81
326	776.83	776.83	575.43	576.03	575.43	776.83	776.83	776.83	715.08	776.83	792.85
327	776.06	776.06	575.12	575.72	575.12	776.06	776.06	776.06	714.83	776.06	795.7
328	775.31	775.31	574.8	575.42	574.8	775.31	775.31	775.31	714.58	775.31	798.54
329	774.58	774.58	574.49	575.11	574.49	774.58	774.58	774.58	714.32	774.58	801.39
330	773.88	773.88	574.18	574.8	574.18	773.88	773.88	773.88	714.07	773.88	804.23
331	773.19	773.19	573.9	574.54	573.9	773.19	773.19	773.19	713.82	773.19	807.33
332	772.53	772.53	573.77	574.41	573.77	772.53	772.53	772.53	713.57	772.53	811.41
333	771.9	771.9	573.64	574.29	573.64	771.9	771.9	771.9	713.32	771.9	815.5
334	771.31	771.31	573.51	574.16	573.51	771.31	771.31	771.31	713.06	771.31	819.59
335	770.74	770.74	573.38	574.04	573.38	770.74	770.74	770.74	712.81	770.74	823.68
336	770.19	770.19	573.28	573.95	573.28	770.19	770.19	770.19	712.56	770.19	828.11
337	769.68	769.68	573.35	574.03	573.35	769.68	769.68	769.68	712.31	769.68	833.9
338	769.21	769.21	573.42	574.1	573.42	769.21	769.21	769.21	712.05	769.21	839.69
339	768.77	768.77	573.49	574.18	573.49	768.77	768.77	768.77	711.8	768.77	845.48
340	768.37	768.37	573.56	574.25	573.56	768.37	768.37	768.37	711.54	768.37	851.27
341	768	768	573.67	574.36	573.67	768	768	768	711.29	768	857.18
342	767.66	767.66	573.91	574.61	573.91	767.66	767.66	767.66	711.04	767.66	863.53
343	767.37	767.37	574.15	574.86	574.15	767.37	767.37	767.37	710.79	767.37	869.88
344	767.11	767.11	574.39	575.11	574.39	767.11	767.11	767.11	710.54	767.11	876.23
345	766.89	766.89	574.64	575.36	574.64	766.89	766.89	766.89	710.29	766.89	882.57
346	766.7	766.7	574.95	575.68	574.95	766.7	766.7	766.7	710.04	766.7	889.46
347	766.56	766.56	575.56	576.3	575.56	766.56	766.56	766.56	709.8	766.56	898.51
348	766.48	766.48	576.17	576.92	576.17	766.48	766.48	766.48	709.55	766.48	907.55
349	766.46	766.46	576.78	577.53	576.78	766.46	766.46	766.46	709.31	766.46	916.6
350	766.49	766.49	577.39	578.15	577.39	766.49	766.49	766.49	709.07	766.49	925.64
351	766.56	766.56	578.38	579.14	578.38	766.56	766.56	766.56	708.82	766.56	936.29
352	766.8	766.8	580.88	581.64	580.88	766.8	766.8	766.8	708.59	766.8	953.34
353	767.25	767.25	583.38	584.15	583.38	767.25	767.25	767.25	708.36	767.25	970.39
354	767.89	767.89	585.89	586.65	585.89	767.89	767.89	767.89	708.13	767.89	987.44
355	768.7	768.7	588.39	589.16	588.39	768.7	768.7	768.7	707.9	768.7	1004.5
356	769.68	769.68	591.53	592.29	591.53	769.68	769.68	769.68	707.68	769.68	1019.6
357	574.67	574.67	597.2	597.97	597.2	771.06	771.06	771.06	707.47	771.06	1027.2
358	574.59	574.59	602.88	603.64	602.88	772.69	772.69	772.69	707.26	772.69	1034.7
359	574.51	574.51	608.55	609.31	608.55	774.38	774.38	774.38	707.05	774.38	1042.3
360	574.43	574.43	614.23	614.98	614.23	776.19	776.19	776.19	706.84	776.19	1049.8
361	574.35	574.35	619.91	620.66	619.91	778.16	778.16	778.16	706.63	778.16	1051.6
362	574.3	574.3	625.63	626.37	625.63	780.31	780.31	780.31	706.45	780.31	1030.1
363	574.25	574.25	631.34	632.08	631.34	782.31	782.31	782.31	706.26	782.31	1008.6
364	574.21	574.21	637.05	637.79	637.05	783.55	783.55	783.55	783.55	783.55	783.55
365	574.16	574.16	642.77	643.5	642.77	784.97	784.97	784.97	784.97	784.97	784.97
366	574.12	574.12	647.87	648.6	647.87	786.67	786.67	786.67	786.67	786.67	786.67
367	574.11	574.11	650.49	651.22	650.49	788.37	788.37	788.37	788.37	788.37	788.37
368	574.11	574.11	653.12	653.85	653.12	789.93	789.93	789.93	789.93	789.93	789.93
369	574.1	574.1	655.75	656.47	655.75	791.38	791.38	791.38	791.38	791.38	791.38
370	574.09	574.09	658.38	659.1	658.38	792.75	792.75	792.75	792.75	792.75	792.75
371	574.1	574.1	660.29	661.01	660.29	794.58	794.58	794.58	794.58	794.58	794.58
372	574.13	574.13	659.33	660.05	659.33	796.83	796.83	796.83	796.83	796.83	796.83
373	574.16	574.16	658.36	659.09	658.36	799.12	799.12	799.12	799.12	799.12	799.12
374	574.19	574.19	657.4	658.13	657.4	801.29	801.29	801.29	801.29	801.29	801.29
375	574.22	574.22	656.44	657.17	656.44	800.97	800.97	800.97	800.97	800.97	800.97
376	574.26	574.26	655.07	655.8	655.07	799.3	799.3	634.48	704.19	778.34	679.85
377	574.31	574.31	652.09	652.82	652.09	608.26	608.26	634.5	704.07	778.31	670.8
378	574.36	574.36	649.1	649.84	649.1	608.39	608.39	634.53	703.94	778.29	661.76
379	574.4	574.4	646.11	646.85	646.11	608.53	608.53	634.56	703.81	778.27	652.71
380	574.45	574.45	643.13	643.87	643.13	608.66	608.66	634.59	703.68	778.25	643.66
381	574.5	574.5	639.99	640.73	828.95	608.79	608.79	634.62	703.56	778.23	634.53
382	574.54	574.54	833.58	636.96	833.58	608.91	608.91	634.65	703.43	778.21	625.07
383	574.58	574.58	837.72	633.19	837.72	609.03	609.03	634.68	703.31	778.19	615.61
384	841.57	841.57	841.57	629.43	841.57	609.15	609.15	634.71	703.18	778.17	606.14
385	844.63	844.63	844.63	625.66	844.63	609.27	609.27	634.74	703.06	778.15	596.68
386	847.22	847.22	847.22	847.22	847.22	609.39	609.39	634.78	702.93	778.13	586.23
387	849.64	849.64	849.64	849.64	849.64	609.48	609.48	634.81	702.81	778.1	571.81
388	851.91	851.91	851.91	851.91	851.91	609.56	609.56	634.84	702.68	778.08	557.39
389	854.06	854.06	854.06	854.06	854.06	609.65	609.65	634.87	702.55	778.06	542.97
390	856.08	856.08	856.08	856.08	856.08	609.74	609.74	634.9	702.42	778.04	528.55
391	858	858	858	858	858	609.82	609.82	634.92	702.29	778.02	517.37
392	859.82	859.82	859.82	859.82	859.82	609.86	609.86	634.95	702.16	778	519.15
393	861.55	861.55	861.55	861.55	861.55	609.9	609.9	634.97	702.03	777.98	520.92
394	863.2	863.2	863.2	863.2	863.2	609.94	609.94	635	701.89	777.96	522.69
395	864.78	864.78	864.78	864.78	864.78	609.99	609.99	635.02	701.76	777.94	524.46
396	866.28	866.28	866.28	866.28	866.28	610.02	610.02	635.04	701.62	777.92	526.06
397	867.71	867.71	867.71	867.71	867.71	610.01	610.01	635.05	701.47	777.89	526.97
398	869.07	869.07	869.07	869.07	869.07	610.01	610.01	635.06	701.32	777.87	527.88
399	870.37	870.37	870.37	870.37	870.37	610	610	635.07	701.18	777.85	528.79
400	871.61	871.61	871.61	871.61	871.61	609.99	609.99	635.08	701.03	777.83	529.7
401	872.8	872.8	872.8	872.8	872.8	609.98	609.98	635.09	700.88	777.81	530.32
402	873.92	873.92	873.92	873.92	873.92	609.92	609.92	635.09	700.72	777.79	529.76
403	874.99	874.99	874.99	874.99	874.99	609.87	609.87	635.09	700.56	777.77	529.21
404	876.01	876.01	876.01	876.01	876.01	609.81	609.81	635.08	700.4	777.75	528.65
405	876.98	876.98	876.98	876.98	876.98	609.75	609.75	635.08	700.24	777.73	528.09
406	877.91	877.91	877.91	877.91	877.91	609.69	609.69	635.08	700.07	777.71	527.55
407	878.79	878.79	878.79	878.79	878.79	609.59	609.59	635.06	699.9	777.68	527.05
408	879.62	879.62	879.62	879.62	879.62	609.49	609.49	635.04	699.72	777.66	526.55
409	880.42	880.42	880.42	880.42	880.42	609.39	609.39	635.02	699.55	777.64	526.05
410	881.17	881.17	881.17	881.17	881.17	609.29	609.29	635	699.37	777.62	525.55
411	881.89	881.89	881.89	881.89	881.89	609.18	609.18	634.98	699.19	777.6	525.06
412	882.57	882.57	882.57	882.57	882.57	609.04	609.04	634.95	699	777.58	524.61
413	883.22	883.22	883.22	883.22	883.22	608.9	608.9	634.91	698.81	777.56	524.16
414	883.83	883.83	883.83	883.83	883.83	608.76	608.76	634.87	698.62	777.54	523.71
415	884.42	884.42	884.42	884.42	884.42	608.62	608.62	634.84	698.42	777.52	523.26
416	884.97	884.97	884.97	884.97	884.97	608.48	608.48	634.8	698.23	777.5	522.83
417	885.49	885.49	885.49	885.49	885.49	608.3	608.3	634.75	698.02	777.48	522.44
418	885.99	885.99	885.99	885.99	885.99	608.13	608.13	634.7	697.82	777.46	522.06
419	886.46	886.46	886.46	886.46	886.46	607.95	607.95	634.65	697.61	777.44	521.67
420	886.9	886.9	886.9	886.9	886.9	607.78	607.78	634.6	697.4	777.42	521.29
421	887.32	887.32	887.32	887.32	887.32	607.6	607.6	634.55	697.2	777.4	520.94
422	887.71	887.71	887.71	887.71	887.71	607.4	607.4	634.48	696.97	777.37	520.75
423	888.08	888.08	888.08	888.08	888.08	607.2	607.2	634.41	696.75	777.35	520.56
424	888.43	888.43	888.43	888.43	888.43	606.99	606.99	634.34	696.53	777.33	520.37
425	888.76	888.76	888.76	888.76	888.76	606.79	606.79	634.27	696.31	777.31	520.17
426	889.07	889.07	889.07	889.07	889.07	606.59	606.59	634.2	696.08	777.29	519.99
427	889.36	889.36	889.36	889.36	889.36	606.36	606.36	634.12	695.85	777.27	519.86
428	889.63	889.63	889.63	889.63	889.63	606.14	606.14	634.04	695.61	777.25	519.73
429	889.88	889.88	889.88	889.88	889.88	605.91	605.91	633.96	695.37	777.23	519.59
430	890.12	890.12	890.12	890.12	890.12	605.69	605.69	633.88	695.14	777.21	519.46
431	890.34	890.34	890.34	890.34	890.34	605.46	605.46	633.79	694.9	777.19	519.34
432	890.54	890.54	890.54	890.54	890.54	605.22	605.22	633.69	694.65	777.17	519.26
433	890.73	890.73	890.73	890.73	890.73	604.98	604.98	633.59	694.4	777.15	519.18
434	890.9	890.9	890.9	890.9	890.9	604.74	604.74	633.5	694.16	777.13	519.1
435	891.06	891.06	891.06	891.06	891.06	604.5	604.5	633.4	693.91	777.11	519.02
436	891.21	891.21	891.21	891.21	891.21	604.26	604.26	633.3	693.66	777.09	518.95
437	891.34	891.34	891.34	891.34	891.34	604.01	604.01	633.19	693.4	777.06	518.91
438	891.46	891.46	891.46	891.46	891.46	603.76	603.76	633.07	693.14	777.04	518.88
439	891.56	891.56	891.56	891.56	891.56	603.5	603.5	632.96	692.88	777.02	518.85
440	891.66	891.66	891.66	891.66	891.66	603.25	603.25	632.85	692.62	777	518.81
441	891.74	891.74	891.74	891.74	891.74	603	603	632.74	692.36	776.98	518.78
442	891.81	891.81	891.81	891.81	891.81	602.74	602.74	632.61	692.08	776.96	518.76
443	891.88	891.88	891.88	891.88	891.88	602.48	602.48	632.49	691.81	776.94	518.73
444	891.93	891.93	891.93	891.93	891.93	602.22	602.22	632.37	691.54	776.92	518.7
445	891.97	891.97	891.97	891.97	891.97	601.96	601.96	632.25	691.27	776.9	518.68
446	892	892	892	892	892	601.7	601.7	632.12	690.99	776.88	518.66
447	892.03	892.03	892.03	892.03	892.03	601.43	601.43	631.99	690.71	776.86	518.67
448	892.04	892.04	892.04	892.04	892.04	601.16	601.16	631.85	690.43	776.84	518.69
449	892.05	892.05	892.05	892.05	892.05	600.9	600.9	631.71	690.15	776.82	518.7
450	892.04	892.04	892.04	892.04	892.04	600.63	600.63	631.58	689.87	776.8	518.71
451	892.03	892.03	892.03	892.03	892.03	600.37	600.37	631.44	689.59	776.78	518.73
452	892.02	892.02	892.02	892.02	892.02	600.1	600.1	631.3	689.31	776.75	518.78
453	891.99	891.99	891.99	891.99	891.99	599.83	599.83	631.15	689.02	776.73	518.83
454	891.96	891.96	891.96	891.96	891.96	599.57	599.57	631.01	688.73	776.71	518.88
455	891.92	891.92	891.92	891.92	891.92	599.3	599.3	630.87	688.45	776.69	518.93
456	891.87	891.87	891.87	891.87	891.87	599.04	599.04	630.72	688.16	776.67	518.98
457	891.82	891.82	891.82	891.82	891.82	598.77	598.77	630.57	687.87	776.65	519.04
458	891.77	891.77	891.77	891.77	891.77	598.5	598.5	630.41	687.57	776.63	519.09
459	891.7	891.7	891.7	891.7	891.7	598.24	598.24	630.26	687.28	776.61	519.15
460	891.63	891.63	891.63	891.63	891.63	597.97	597.97	630.1	686.99	776.59	519.2
461	891.56	891.56	891.56	891.56	891.56	597.71	597.71	629.95	686.69	776.57	519.22
462	891.48	891.48	891.48	891.48	891.48	597.44	597.44	629.79	686.39	776.55	519.06
463	891.4	891.4	891.4	891.4	891.4	597.18	597.18	629.63	686.09	776.53	518.9
464	891.31	891.31	891.31	891.31	891.31	596.92	596.92	629.47	685.79	776.51	518.74
465	891.21	891.21	891.21	891.21	891.21	596.65	596.65	629.31	685.49	776.49	518.58
466	891.11	891.11	891.11	891.11	891.11	596.39	596.39	629.15	685.19	776.47	518.42
467	891.01	891.01	891.01	891.01	891.01	596.13	596.13	628.98	684.89	776.45	518.29
468	890.9	890.9	890.9	890.9	890.9	595.87	595.87	628.81	684.58	776.43	518.15
469	890.79	890.79	890.79	890.79	890.79	595.61	595.61	628.64	684.28	776.41	518.02
470	890.68	890.68	890.68	890.68	890.68	595.36	595.36	628.47	683.97	776.39	517.88
471	890.56	890.56	890.56	890.56	890.56	595.1	595.1	628.31	683.67	776.37	517.75
472	890.44	890.44	890.44	890.44	890.44	594.85	594.85	628.13	683.36	776.35	517.64
473	890.31	890.31	890.31	890.31	890.31	594.6	594.6	627.96	683.05	776.33	517.52
474	890.18	890.18	890.18	890.18	890.18	594.34	594.34	627.78	682.74	776.31	517.41
475	890.05	890.05	890.05	890.05	890.05	594.09	594.09	627.61	682.44	776.29	517.3
476	889.92	889.92	889.92	889.92	889.92	593.84	593.84	627.43	682.13	776.27	517.19
477	889.78	889.78	889.78	889.78	889.78	593.59	593.59	627.25	681.82	776.25	517.12
478	889.64	889.64	889.64	889.64	889.64	593.35	593.35	627.07	681.51	776.23	517.06
479	889.49	889.49	889.49	889.49	889.49	593.1	593.1	626.89	681.2	776.21	516.99
480	889.35	889.35	889.35	889.35	889.35	592.86	592.86	626.71	680.89	776.19	516.92
481	889.2	889.2	889.2	889.2	889.2	592.61	592.61	626.53	680.58	776.17	516.9
482	889.05	889.05	889.05	889.05	889.05	592.37	592.37	626.35	680.27	776.15	517.06
483	888.9	888.9	888.9	888.9	888.9	592.14	592.14	626.17	679.96	776.13	517.21
484	888.75	888.75	888.75	888.75	888.75	591.9	591.9	625.99	679.65	776.11	517.37
485	888.59	888.59	888.59	888.59	888.59	591.66	591.66	625.81	679.34	776.09	517.53
486	888.44	888.44	888.44	888.44	888.44	591.42	591.42	625.62	679.03	776.07	517.69
487	888.28	888.28	888.28	888.28	888.28	591.19	591.19	625.44	678.72	776.05	517.87
488	888.12	888.12	888.12	888.12	888.12	590.96	590.96	625.26	678.4	776.03	518.05
489	887.96	887.96	887.96	887.96	887.96	590.73	590.73	625.07	678.09	776.01	518.23
490	887.79	887.79	887.79	887.79	887.79	590.5	590.5	624.89	677.78	775.99	518.41
491	887.63	887.63	887.63	887.63	887.63	590.28	590.28	624.7	677.47	775.97	518.6
492	887.46	887.46	887.46	887.46	887.46	590.05	590.05	624.51	677.16	775.95	518.8
493	887.3	887.3	887.3	887.3	887.3	589.83	589.83	624.33	676.84	775.93	519
494	887.13	887.13	887.13	887.13	887.13	589.61	589.61	624.14	676.53	775.91	519.2
495	886.96	886.96	886.96	886.96	886.96	589.39	589.39	623.95	676.22	775.89	519.4
496	886.79	886.79	886.79	886.79	886.79	589.17	589.17	623.76	675.91	775.87	519.6
497	886.62	886.62	886.62	886.62	886.62	588.96	588.96	623.57	675.6	775.85	519.81
498	886.45	886.45	886.45	886.45	886.45	588.74	588.74	623.38	675.28	775.83	520.03
499	886.28	886.28	886.28	886.28	886.28	588.53	588.53	623.19	674.97	775.81	520.25
500	886.11	886.11	886.11	886.11	886.11	588.32	588.32	623	674.66	775.79	520.46
501	885.94	885.94	885.94	885.94	885.94	588.11	588.11	622.81	674.35	775.77	520.67
502	885.76	885.76	885.76	885.76	885.76	587.91	587.91	622.62	674.04	775.75	520.88
503	885.59	885.59	885.59	885.59	885.59	587.7	587.7	622.43	673.73	775.73	521.09
504	885.41	885.41	885.41	885.41	885.41	587.5	587.5	622.24	673.42	775.71	521.29
505	885.24	885.24	885.24	885.24	885.24	587.29	587.29	622.05	673.11	775.69	521.5
506	885.06	885.06	885.06	885.06	885.06	587.09	587.09	621.86	672.8	775.67	521.71
507	884.89	884.89	884.89	884.89	884.89	586.9	586.9	621.67	672.49	775.65	521.93
508	884.71	884.71	884.71	884.71	884.71	586.7	586.7	621.48	672.18	775.63	522.15
509	884.54	884.54	884.54	884.54	884.54	586.51	586.51	621.29	671.87	775.61	522.37
510	884.36	884.36	884.36	884.36	884.36	586.32	586.32	621.1	671.57	775.59	522.59
511	884.19	884.19	884.19	884.19	884.19	586.12	586.12	620.91	671.26	775.57	522.82
512	884.01	884.01	884.01	884.01	884.01	585.94	585.94	620.72	670.95	775.55	523.06
513	883.83	883.83	883.83	883.83	883.83	585.75	585.75	620.53	670.65	775.53	523.3
514	883.66	883.66	883.66	883.66	883.66	585.56	585.56	620.34	670.34	775.51	523.53
515	883.48	883.48	883.48	883.48	883.48	585.38	585.38	620.14	670.03	775.49	523.77
516	883.3	883.3	883.3	883.3	883.3	585.19	585.19	619.95	669.73	775.47	524.01
517	883.13	883.13	883.13	883.13	883.13	585.02	585.02	619.76	669.43	775.45	524.22
518	882.95	882.95	882.95	882.95	882.95	584.84	584.84	619.57	669.12	775.43	524.44
519	882.78	882.78	882.78	882.78	882.78	584.67	584.67	619.38	668.82	775.41	524.66
520	882.6	882.6	882.6	882.6	882.6	584.49	584.49	619.19	668.51	775.39	524.88
521	882.43	882.43	882.43	882.43	882.43	584.32	584.32	619	668.21	775.37	525.04
522	882.25	882.25	882.25	882.25	882.25	584.15	584.15	618.81	667.91	775.35	525
523	882.08	882.08	882.08	882.08	882.08	583.98	583.98	618.63	667.61	775.33	524.96
524	881.9	881.9	881.9	881.9	881.9	583.81	583.81	618.44	667.31	775.31	524.93
525	881.73	881.73	881.73	881.73	881.73	583.64	583.64	618.25	667.01	775.29	524.89
526	881.55	881.55	881.55	881.55	881.55	583.48	583.48	618.06	666.71	775.27	524.86
527	881.38	881.38	881.38	881.38	881.38	583.32	583.32	617.87	666.41	775.25	524.88
528	881.21	881.21	881.21	881.21	881.21	583.16	583.16	617.69	666.11	775.23	524.9
529	881.03	881.03	881.03	881.03	881.03	583	583	617.5	665.82	775.21	524.92
530	880.86	880.86	880.86	880.86	880.86	582.85	582.85	617.31	665.52	775.19	524.93
531	880.69	880.69	880.69	880.69	880.69	582.69	582.69	617.12	665.22	775.17	524.96
532	880.52	880.52	880.52	880.52	880.52	582.54	582.54	616.94	664.92	775.15	525.03
533	880.35	880.35	880.35	880.35	880.35	582.39	582.39	616.75	664.63	775.13	525.1
534	880.18	880.18	880.18	880.18	880.18	582.24	582.24	616.56	664.33	775.11	525.17
535	880.01	880.01	880.01	880.01	880.01	582.09	582.09	616.38	664.04	775.09	525.24
536	879.84	879.84	879.84	879.84	879.84	581.94	581.94	616.19	663.74	775.07	524.62
537	879.67	879.67	879.67	879.67	879.67	581.8	581.8	616.01	663.45	775.05	521.22
538	879.5	879.5	879.5	879.5	879.5	581.66	581.66	615.82	663.16	775.03	517.82
539	879.33	879.33	879.33	879.33	879.33	581.52	581.52	615.63	662.87	775.01	514.42
540	879.16	879.16	879.16	879.16	879.16	581.37	581.37	615.45	662.58	774.99	511.01
541	878.99	878.99	878.99	878.99	878.99	581.24	581.24	615.26	662.29	774.98	508.26
542	878.82	878.82	878.82	878.82	878.82	581.14	581.14	615.08	662	774.96	508.07
543	878.65	878.65	878.65	878.65	878.65	581.03	581.03	614.9	661.72	774.94	507.88
544	878.48	878.48	878.48	878.48	878.48	580.93	580.93	614.72	661.43	774.92	507.7
545	878.32	878.32	878.32	878.32	878.32	580.82	580.82	614.54	661.14	774.9	507.51
546	878.15	878.15	878.15	878.15	878.15	580.75	580.75	614.35	660.85	774.88	507.33
547	877.99	877.99	877.99	877.99	877.99	580.78	580.78	614.17	660.57	774.86	507.15
548	877.83	877.83	877.83	877.83	877.83	580.81	580.81	613.99	660.29	774.84	506.98
549	877.68	877.68	877.68	877.68	877.68	580.84	580.84	613.81	660.01	774.82	506.81
550	877.53	877.53	877.53	877.53	877.53	580.87	580.87	613.63	659.73	774.8	506.64
551	877.38	877.38	877.38	877.38	877.38	580.95	580.95	613.45	659.44	774.78	507.27
552	877.24	877.24	877.24	877.24	877.24	581.2	581.2	613.28	659.16	774.76	511.15
553	877.11	877.11	877.11	877.11	877.11	581.45	581.45	613.1	658.88	774.74	515.03
554	876.98	876.98	876.98	876.98	876.98	581.71	581.71	612.92	658.6	774.72	518.91
555	876.86	876.86	876.86	876.86	876.86	581.96	581.96	612.74	658.32	774.7	522.79
556	876.75	876.75	876.75	876.75	876.75	582.26	582.26	612.56	658.04	774.69	525.88
557	876.64	876.64	876.64	876.64	876.64	582.77	582.77	612.39	657.77	774.67	525.8
558	876.55	876.55	876.55	876.55	876.55	583.28	583.28	612.21	657.49	774.65	525.72
559	876.46	876.46	876.46	876.46	876.46	583.79	583.79	612.04	657.22	774.63	525.64
560	876.39	876.39	876.39	876.39	876.39	584.3	584.3	611.86	656.94	774.61	525.56
561	876.32	876.32	876.32	876.32	876.32	584.86	584.86	611.69	656.67	774.59	525.47
562	876.27	876.27	876.27	876.27	876.27	585.6	585.6	611.51	656.4	774.57	525.33
563	876.22	876.22	876.22	876.22	876.22	586.33	586.33	611.34	656.13	774.55	525.2
564	876.19	876.19	876.19	876.19	876.19	587.07	587.07	611.17	655.86	774.53	525.06
565	876.17	876.17	876.17	876.17	876.17	587.81	587.81	611	655.59	774.51	524.93
566	876.16	876.16	876.16	876.16	876.16	588.58	588.58	610.83	655.32	774.49	524.8
567	876.16	876.16	876.16	876.16	876.16	589.51	589.51	610.66	655.05	774.47	524.67
568	876.18	876.18	876.18	876.18	876.18	590.43	590.43	610.49	654.78	774.45	524.54
569	876.21	876.21	876.21	876.21	876.21	591.35	591.35	610.32	654.51	774.43	524.41
570	876.25	876.25	876.25	876.25	876.25	592.27	592.27	610.15	654.24	774.41	524.28
571	876.3	876.3	876.3	876.3	876.3	593.21	593.21	609.98	653.98	774.4	524.16
572	876.36	876.36	876.36	876.36	876.36	594.22	594.22	609.81	653.72	774.38	524.03
573	876.44	876.44	876.44	876.44	876.44	595.23	595.23	609.64	653.45	774.36	523.91
574	876.53	876.53	876.53	876.53	876.53	596.24	596.24	609.47	653.19	774.34	523.79
575	876.63	876.63	876.63	876.63	876.63	597.25	597.25	609.3	652.93	774.32	523.67
576	876.74	876.74	876.74	876.74	876.74	598.27	598.27	609.14	652.67	774.31	524.65
577	876.86	876.86	876.86	876.86	876.86	599.29	599.29	608.97	652.41	774.29	530.03
578	877	877	877	877	877	600.32	600.32	608.81	652.15	774.27	535.41
579	877.14	877.14	877.14	877.14	877.14	601.34	601.34	608.65	651.89	774.25	540.8
580	877.3	877.3	877.3	877.3	877.3	602.37	602.37	608.48	651.64	774.23	546.18
581	877.46	877.46	877.46	877.46	877.46	603.39	603.39	608.32	651.38	774.21	550.49
582	877.64	877.64	877.64	877.64	877.64	604.4	604.4	608.16	651.13	774.19	550.52
583	877.82	877.82	877.82	877.82	877.82	605.4	605.4	607.99	650.87	774.17	550.55
584	878.01	878.01	878.01	878.01	878.01	606.41	606.41	607.83	650.62	774.15	550.58
585	878.22	878.22	878.22	878.22	878.22	607.42	607.42	607.67	650.36	774.13	550.61
586	878.42	878.42	878.42	878.42	878.42	608.41	608.41	607.51	650.11	774.12	550.62
587	878.64	878.64	878.64	878.64	878.64	609.37	609.37	607.35	649.86	774.1	550.56
588	878.86	878.86	878.86	878.86	878.86	610.32	610.32	607.19	649.61	774.08	550.5
589	879.09	879.09	879.09	879.09	879.09	611.28	611.28	607.03	649.36	774.06	550.43
590	879.33	879.33	879.33	879.33	879.33	612.24	612.24	606.88	649.11	774.04	550.37
591	879.57	879.57	879.57	879.57	879.57	613.18	613.18	606.72	648.86	774.02	550.3
592	879.82	879.82	879.82	879.82	879.82	614.07	614.07	606.57	648.62	774	550.25
593	880.07	880.07	880.07	880.07	880.07	614.96	614.96	606.41	648.37	773.98	550.19
594	880.32	880.32	880.32	880.32	880.32	615.85	615.85	606.26	648.13	773.96	550.13
595	880.58	880.58	880.58	880.58	880.58	616.74	616.74	606.1	647.89	773.94	550.07
596	880.85	880.85	880.85	880.85	880.85	617.61	617.61	605.95	647.64	773.93	550.01
597	881.12	881.12	881.12	881.12	881.12	618.42	618.42	605.8	647.4	773.91	549.95
598	881.39	881.39	881.39	881.39	881.39	619.24	619.24	605.65	647.16	773.89	549.9
599	881.66	881.66	881.66	881.66	881.66	620.05	620.05	605.49	646.92	773.87	549.84
600	881.94	881.94	881.94	881.94	881.94	620.86	620.86	605.34	646.67	773.85	549.79
601	882.22	882.22	882.22	882.22	882.22	621.66	621.66	605.19	646.43	773.84	549.73
602	882.51	882.51	882.51	882.51	882.51	622.4	622.4	605.04	646.2	773.82	549.68
603	882.79	882.79	882.79	882.79	882.79	623.13	623.13	604.89	645.96	773.8	549.63
604	883.08	883.08	883.08	883.08	883.08	623.87	623.87	604.74	645.72	773.78	549.58
605	883.36	883.36	883.36	883.36	883.36	624.61	624.61	604.59	645.49	773.76	549.53
606	883.65	883.65	883.65	883.65	883.65	625.33	625.33	604.44	645.25	773.75	549.48
607	883.94	883.94	883.94	883.94	883.94	626	626	604.29	645.02	773.73	549.43
608	884.23	884.23	884.23	884.23	884.23	626.67	626.67	604.15	644.79	773.71	549.38
609	884.52	884.52	884.52	884.52	884.52	627.33	627.33	604	644.56	773.69	549.34
610	884.81	884.81	884.81	884.81	884.81	628	628	603.86	644.33	773.67	549.29
611	885.11	885.11	885.11	885.11	885.11	628.65	628.65	603.71	644.1	773.66	549.24
612	885.4	885.4	885.4	885.4	885.4	629.25	629.25	603.57	643.88	773.64	549.2
613	885.69	885.69	885.69	885.69	885.69	629.85	629.85	603.43	643.65	773.62	549.16
614	885.98	885.98	885.98	885.98	885.98	630.44	630.44	603.29	643.42	773.6	549.12
615	886.27	886.27	886.27	886.27	886.27	631.04	631.04	603.14	643.19	773.58	549.07
616	886.56	886.56	886.56	886.56	886.56	631.63	631.63	603	642.97	773.57	549.03
617	886.85	886.85	886.85	886.85	886.85	632.17	632.17	602.86	642.74	773.55	548.99
618	887.13	887.13	887.13	887.13	887.13	632.7	632.7	602.72	642.52	773.53	548.96
619	887.42	887.42	887.42	887.42	887.42	633.24	633.24	602.58	642.3	773.51	548.92
620	887.7	887.7	887.7	887.7	887.7	633.78	633.78	602.44	642.08	773.49	548.88
621	887.99	887.99	887.99	887.99	887.99	634.31	634.31	602.3	641.86	773.48	548.84
622	888.27	888.27	888.27	888.27	888.27	634.79	634.79	602.17	641.64	773.46	548.81
623	888.55	888.55	888.55	888.55	888.55	635.27	635.27	602.03	641.42	773.44	548.77
624	888.83	888.83	888.83	888.83	888.83	635.76	635.76	601.89	641.2	773.42	548.74
625	889.1	889.1	889.1	889.1	889.1	636.24	636.24	601.76	640.98	773.4	548.71
626	889.38	889.38	889.38	889.38	889.38	636.72	636.72	601.62	640.77	773.39	548.67
627	889.65	889.65	889.65	889.65	889.65	637.15	637.15	601.49	640.55	773.37	548.64
628	889.92	889.92	889.92	889.92	889.92	637.59	637.59	601.36	640.34	773.35	548.61
629	890.19	890.19	890.19	890.19	890.19	638.03	638.03	601.23	640.13	773.33	548.58
630	890.46	890.46	890.46	802.58	890.46	638.46	638.46	601.1	639.91	773.31	548.55
631	890.73	890.73	890.73	801.98	890.73	638.89	638.89	600.96	639.7	773.3	548.53
632	891	891	891	801.47	891	639.29	639.29	600.83	639.49	773.28	548.5
633	891.27	891.27	891.27	800.95	891.27	639.68	639.68	600.7	639.28	773.26	548.47
634	891.54	891.54	891.54	800.44	891.54	640.08	640.08	600.57	639.07	773.24	548.45
635	891.81	891.81	891.81	799.93	891.81	640.47	640.47	600.44	638.86	773.22	548.42
636	892.08	892.08	892.08	799.44	892.08	640.86	640.86	600.31	638.65	773.21	548.4
637	892.35	892.35	892.35	799.02	892.35	641.22	641.22	600.19	638.44	773.19	548.38
638	892.62	892.62	892.62	798.6	892.62	641.58	641.58	600.06	638.24	773.17	548.36
639	892.89	892.89	892.89	798.18	892.89	641.94	641.94	599.93	638.03	773.15	548.34
640	893.16	893.16	893.16	797.76	893.16	642.3	642.3	599.8	637.82	773.13	548.31
641	893.43	893.43	893.43	797.36	893.43	642.66	642.66	599.68	637.62	773.12	548.29
642	893.7	893.7	893.7	797.03	893.7	642.99	642.99	599.55	637.42	773.1	548.28
643	893.96	893.96	893.96	796.7	893.96	643.32	643.32	599.43	637.22	773.08	548.26
644	894.23	894.23	894.23	796.36	894.23	643.65	643.65	599.3	637.01	773.07	548.24
645	894.5	894.5	894.5	796.03	894.5	643.98	643.98	599.18	636.81	773.05	548.23
646	894.76	894.76	894.76	795.71	894.76	644.31	644.31	599.06	636.61	773.04	548.21
647	895.02	895.02	895.02	795.44	895.02	644.62	644.62	598.94	636.41	773.02	548.2
648	895.28	895.28	895.28	795.17	895.28	644.92	644.92	598.82	636.22	773	548.18
649	895.54	895.54	895.54	794.9	895.54	645.23	645.23	598.7	636.02	772.98	548.17
650	895.8	895.8	895.8	794.63	895.8	645.54	645.54	598.58	635.83	772.96	548.16
651	896.06	896.06	896.06	794.38	896.06	645.84	645.84	598.46	635.63	772.95	548.15
652	896.31	896.31	896.31	794.17	896.31	646.12	646.12	598.34	635.44	772.93	548.14
653	896.57	896.57	896.57	793.96	896.57	646.4	646.4	598.22	635.24	772.91	548.13
654	896.82	896.82	896.82	793.75	896.82	646.69	646.69	598.1	635.05	772.9	548.12
655	897.07	897.07	897.07	793.54	897.07	646.97	646.97	597.98	634.86	772.88	548.11
656	897.32	897.32	897.32	793.34	897.32	647.25	647.25	597.87	634.66	772.87	548.11
657	897.56	897.56	897.56	793.18	897.56	647.52	647.52	597.75	634.47	772.85	548.1
658	897.81	897.81	897.81	793.02	897.81	647.79	647.79	597.63	634.28	772.83	548.1
659	898.05	898.05	898.05	792.86	898.05	648.06	648.06	597.52	634.09	772.81	548.09
660	898.29	898.29	898.29	792.7	898.29	648.33	648.33	597.4	633.9	772.79	548.09
661	898.53	898.53	898.53	792.55	898.53	648.59	648.59	597.29	633.71	772.78	548.08
662	898.77	898.77	898.77	792.43	898.77	648.84	648.84	597.18	633.53	772.76	548.08
663	899	899	899	792.31	899	649.1	649.1	597.06	633.34	772.74	548.08
664	899.24	899.24	899.24	792.19	899.24	649.35	649.35	596.95	633.15	772.73	548.08
665	899.47	899.47	899.47	792.07	899.47	649.61	649.61	596.84	632.97	772.71	548.08
666	899.69	899.69	899.69	791.95	899.69	649.86	649.86	596.73	632.78	772.7	548.08
667	899.92	899.92	899.92	791.87	899.92	650.1	650.1	596.62	632.6	772.68	548.09
668	900.14	900.14	900.14	791.79	900.14	650.34	650.34	596.51	632.42	772.66	548.09
669	900.36	900.36	900.36	791.7	900.36	650.58	650.58	596.4	632.24	772.64	548.1
670	900.58	900.58	900.58	791.62	900.58	650.82	650.82	596.29	632.06	772.62	548.1
671	900.8	900.8	900.8	791.54	900.8	651.06	651.06	596.18	631.87	772.61	548.1
672	901.01	901.01	901.01	791.49	901.01	651.29	651.29	596.07	631.69	772.59	548.11
673	901.22	901.22	901.22	791.43	901.22	651.52	651.52	595.96	631.51	772.57	548.12
674	901.43	901.43	901.43	791.38	901.43	651.75	651.75	595.85	631.33	772.56	548.13
675	901.63	901.63	901.63	791.32	901.63	651.98	651.98	595.75	631.15	772.54	548.13
676	901.83	901.83	901.83	791.27	901.83	652.21	652.21	595.64	630.98	772.53	548.14
677	902.03	902.03	902.03	791.25	902.03	652.44	652.44	595.54	630.8	772.51	548.15
678	902.23	902.23	902.23	791.22	902.23	652.66	652.66	595.43	630.63	772.49	548.16
679	902.42	902.42	902.42	791.19	902.42	652.88	652.88	595.33	630.45	772.48	548.17
680	902.61	902.61	902.61	791.16	902.61	653.1	653.1	595.22	630.28	772.46	548.18
681	902.79	902.79	902.79	791.14	902.79	653.32	653.32	595.12	630.11	772.45	548.2
682	902.97	902.97	902.97	791.14	902.97	653.54	653.54	595.02	629.93	772.43	548.21
683	903.15	903.15	903.15	791.13	903.15	653.76	653.76	594.92	629.76	772.41	548.22
684	903.32	903.32	903.32	791.13	903.32	653.97	653.97	594.81	629.59	772.4	548.24
685	903.49	903.49	903.49	791.12	903.49	654.19	654.19	594.71	629.42	772.38	548.25
686	903.65	903.65	903.65	791.12	903.65	654.4	654.4	594.61	629.25	772.37	548.27
687	903.8	903.8	903.8	791.14	903.8	654.61	654.61	594.51	629.08	772.35	548.29
688	903.95	903.95	903.95	791.16	903.95	654.82	654.82	594.41	628.91	772.33	548.31
689	904.09	904.09	904.09	791.18	904.09	655.03	655.03	594.31	628.74	772.32	548.33
690	613.06	613.06	904.2	791.2	904.2	655.24	655.24	594.21	628.57	772.3	548.35
691	613.19	613.19	904.29	791.21	904.29	655.43	655.43	594.1	628.39	772.29	548.37
692	613.26	613.26	790.31	791.19	790.31	655.51	655.51	593.98	628.2	772.27	548.4
