-100.0	11.5886
-0.01	11.5886
0.00	11.62
20.00	10.4974128
53.00	5.516731009
56.00	5.065112305
75.00	2.258429066
87.00	1.169085833
88.38	0.962255139
94.38	0.694578763
100.38	0.463707094
108.38	0.275211227
117.38	0.148704357
125.80	0.077912597
125.90	0.066265986
130.80	0.044154365
140.80	0.012108792
142.40	0.010604819
153.60	0.003815966
356.00	0.154409591
362.00	0.229246181
366.00	0.2453
370.00	0.219076111
374.00	0.131162778
383.00	2.473344
383.1	2.8851
384.0	2.9055
385.0	2.9657
386.0	3.0195
387.0	3.0706
388.0	3.1190
389.0	3.1639
390.0	3.2077
391.0	3.2503
392.0	3.2911
393.0	3.3311
394.0	3.3706
395.0	3.4090
396.0	3.4469
397.0	3.4845
398.0	3.5215
399.0	3.5583
400.0	3.5949
401.0	3.6313
402.0	3.6675
403.0	3.7037
404.0	3.7398
405.0	3.7757
406.0	3.8117
407.0	3.8478
408.0	3.8837
409.0	3.9198
410.0	3.9559
411.0	3.9919
412.0	4.0281
413.0	4.0644
414.0	4.1006
415.0	4.1370
416.0	4.1735
417.0	4.2100
418.0	4.2466
419.0	4.2833
420.0	4.3201
421.0	4.3570
422.0	4.3940
423.0	4.4311
424.0	4.4682
425.0	4.5055
426.0	4.5429
427.0	4.5803
428.0	4.6179
429.0	4.6555
430.0	4.6933
431.0	4.7311
432.0	4.7691
433.0	4.8071
434.0	4.8452
435.0	4.8835
436.0	4.9218
437.0	4.9602
438.0	4.9988
439.0	5.0374
440.0	5.0761
441.0	5.1149
442.0	5.1538
443.0	5.1928
444.0	5.2319
445.0	5.2711
446.0	5.3104
447.0	5.3497
448.0	5.3892
449.0	5.4288
450.0	5.4684
451.0	5.5082
452.0	5.5480
453.0	5.5879
454.0	5.6280
455.0	5.6681
456.0	5.7083
457.0	5.7486
458.0	5.7890
459.0	5.8294
460.0	5.8700
461.0	5.9107
462.0	6.0555
463.0	6.1680
464.0	6.2821
465.0	6.3924
466.0	6.4974
467.0	6.5981
468.0	6.6949
469.0	6.7888
470.0	6.8807
471.0	6.9714
472.0	7.0608
473.0	7.1486
474.0	7.2331
475.0	7.3143
476.0	7.3928
477.0	7.4691
478.0	7.5438
479.0	7.6167
480.0	7.6883
481.0	7.7589
482.0	7.8288
483.0	7.8980
484.0	7.9663
485.0	8.0345
486.0	8.1023
487.0	8.1695
488.0	8.2369
489.0	8.3040
490.0	8.3709
491.0	8.4368
492.0	8.4985
493.0	8.5568
494.0	8.6120
495.0	8.6653
496.0	8.7172
497.0	8.7676
498.0	8.8173
499.0	8.8664
500.0	8.9147
501.0	8.9628
502.0	9.0106
503.0	9.0581
504.0	9.1055
505.0	9.1529
506.0	9.2000
507.0	9.2475
508.0	9.2947
509.0	9.3419
510.0	9.3894
511.0	9.4366
512.0	9.4841
513.0	9.5314
514.0	9.5789
515.0	9.6265
516.0	9.6743
517.0	9.7220
518.0	9.7699
519.0	9.8179
520.0	9.8658
521.0	9.9142
522.0	9.9624
523.0	10.0105
524.0	10.0591
525.0	10.1075
526.0	10.1560
527.0	10.2044
528.0	10.2526
529.0	10.3013
530.0	10.3507
531.0	10.4046
532.0	10.4631
533.0	10.5256
534.0	10.5912
535.0	10.6511
536.0	10.7006
537.0	10.7434
538.0	10.7822
539.0	10.8181
540.0	10.8523
541.0	10.8850
542.0	10.9171
543.0	10.9486
544.0	10.9760
545.0	10.9989
546.0	11.0191
547.0	11.0372
548.0	11.0544
549.0	11.0709
550.0	11.0872
551.0	11.1028
552.0	11.1186
553.0	11.1335
554.0	11.1477
555.0	11.1600
556.0	11.1711
557.0	11.1809
558.0	11.1894
559.0	11.1972
560.0	11.2041
561.0	11.2107
562.0	11.2172
563.0	11.2235
564.0	11.2294
565.0	11.2357
566.0	11.2421
567.0	11.2484
568.0	11.2543
569.0	11.2607
570.0	11.2670
571.0	11.2730
572.0	11.2793
573.0	11.2857
574.0	11.2919
575.0	11.2980
576.0	11.3043
577.0	11.3107
578.0	11.3166
579.0	11.3230
580.0	11.3294
581.0	11.3353
582.0	11.3417
583.0	11.3481
584.0	11.3541
585.0	11.3604
586.0	11.3668
587.0	11.3728
588.0	11.3792
589.0	11.3854
590.0	11.3916
591.0	11.3980
592.0	11.4041
593.0	11.4104
594.0	11.4168
595.0	11.4228
596.0	11.4292
597.0	11.4355
598.0	11.4416
599.0	11.4481
600.0	11.4541
601.0	11.4605
602.0	11.4669
603.0	11.4729
604.0	11.4794
605.0	11.4854
606.0	11.4919
607.0	11.4983
608.0	11.5043
609.0	11.5108
610.0	11.5168
611.0	11.5233
612.0	11.5293
613.0	11.5358
614.0	11.5423
615.0	11.5483
616.0	11.5548
617.0	11.5608
618.0	11.5673
619.0	11.5734
620.0	11.5798
621.0	11.5859
622.0	11.5924
623.0	11.5985
624.0	11.6050
625.0	11.6113
626.0	11.6175
627.0	11.6241
628.0	11.6301
629.0	11.6366
630.0	11.6427
631.0	11.6492
632.0	11.6553
633.0	11.6619
634.0	11.6680
635.0	11.6745
636.0	11.6806
637.0	11.6871
638.0	11.6932
639.0	11.6998
640.0	11.7059
641.0	11.7124
642.0	11.7185
643.0	11.7247
644.0	11.7312
645.0	11.7373
646.0	11.7439
647.0	11.7500
648.0	11.7566
649.0	11.7627
650.0	11.7693
651.0	11.7754
652.0	11.7820
653.0	11.7882
654.0	11.7943
655.0	11.8009
656.0	11.8071
657.0	11.8137
658.0	11.8198
659.0	11.8264
660.0	11.8326
661.0	11.8387
662.0	11.8454
663.0	11.8515
664.0	11.8581
665.0	11.8643
666.0	11.8705
667.0	11.8771
668.0	11.8833
669.0	11.8899
670.0	11.8961
671.0	11.9023
672.0	11.9089
673.0	11.9151
674.0	11.9216
675.0	11.9280
676.0	11.9342
677.0	11.9409
678.0	11.9471
679.0	11.9533
680.0	11.9599
681.0	11.9661
682.0	11.9724
683.0	11.9790
684.0	11.9853
685.0	11.9915
686.0	11.9982
687.0	12.0044
688.0	12.0108
689.0	12.0172
690.0	12.0236
691.0	12.0300
692.0	12.0364
693.0	12.0428
694.0	12.0492
10000.0	12.0492